# Decimal PFASUM65 substitution matrix
# Rounded to 4 decimal digits
# Units = 1/3 Bits
# Entropy H = 0.544306 Bits
# Pfam seed version = 29.0
#
# For further information on the PFASUM substitution model, see 
#
#    PFASUM: A substitution matrix from Pfam structural alignments
#    Frank Keul, Martin Hess, Michael Goesele, Kay Hamacher
#    BMC Bioinformatics, 18(1), 2017
#    http://dx.doi.org/10.1186/s12859-017-1703-z
#
#    Project Website:
#    http://www.cbs.tu-darmstadt.de/PFASUM
#
  A        R        N        D        C        Q        E        G        H        I        L        K        M        F        P        S        T        W        Y        V        B        Z        J        X        
A 4.8381   -1.5350  -1.6118  -1.7338  0.3256   -0.7579  -0.8107  0.0115   -2.0405  -1.5382  -1.6575  -1.2394  -0.9391  -2.5307  -0.8562  0.9658   -0.0471  -3.2018  -2.7799  -0.0764  -4.6820  -3.7910  -4.6125  -13.5733 
R -1.5350  7.1849   -0.2160  -1.1987  -3.7195  1.5396   0.1278   -2.5731  0.6254   -4.1041  -3.5390  3.1687   -2.4361  -4.5097  -1.9275  -0.7751  -0.9265  -2.6859  -2.3287  -3.4960  -3.7579  -2.2921  -6.7417  -13.6404 
N -1.6118  -0.2160  7.5232   2.3297   -2.9093  0.6880   0.3215   -0.1230  1.2240   -4.7836  -4.6864  0.7009   -3.0661  -4.4475  -1.6039  1.1146   0.1920   -4.4440  -2.2926  -4.1371  0.3900   -2.5386  -7.7225  -13.4764 
D -1.7338  -1.1987  2.3297   7.5609   -5.0487  0.4408   2.6988   -0.9494  -0.4633  -6.3299  -5.9559  -0.1397  -4.6681  -6.2141  -1.0245  0.2107   -0.8630  -5.6301  -4.1302  -5.2447  0.7575   -1.0106  -9.0920  -13.6932 
C 0.3256   -3.7195  -2.9093  -5.0487  14.1737  -3.8892  -5.0504  -2.6503  -2.3487  -1.2099  -1.4277  -4.4433  -1.0407  -1.2826  -4.3709  -0.4274  -0.9466  -2.5073  -1.5778  -0.1627  -7.0179  -7.5814  -4.3449  -13.8127 
Q -0.7579  1.5396   0.6880   0.4408   -3.8892  6.6770   2.1840   -2.0680  1.1855   -3.8074  -3.0986  1.8976   -1.2531  -4.2862  -1.4416  -0.0157  -0.2924  -3.6561  -2.3983  -3.1182  -2.4534  -0.1991  -6.3502  -13.3541 
E -0.8107  0.1278   0.3215   2.6988   -5.0504  2.1840   6.3324   -2.1016  -0.5662  -4.8328  -4.6436  1.2946   -3.3068  -5.6554  -1.0984  -0.2530  -0.6108  -4.9634  -3.6079  -3.7566  -1.1483  -0.0599  -7.7134  -13.5880 
G 0.0115   -2.5731  -0.1230  -0.9494  -2.6503  -2.0680  -2.1016  8.2285   -2.3347  -5.6057  -5.2503  -2.0463  -4.0375  -4.8462  -2.1101  -0.0386  -2.0020  -4.6536  -4.6102  -4.4608  -3.5824  -5.0891  -8.3798  -14.0805 
H -2.0405  0.6254   1.2240   -0.4633  -2.3487  1.1855   -0.5662  -2.3347  10.6066  -3.9874  -3.3530  -0.0431  -2.3621  -1.4484  -2.0645  -0.6854  -1.2075  -1.3058  1.8165   -3.4226  -2.6723  -2.8296  -6.5795  -13.5396 
I -1.5382  -4.1041  -4.7836  -6.3299  -1.2099  -3.8074  -4.8328  -5.6057  -3.9874  5.8564   2.5465   -4.0957  1.8604   0.5772   -4.1369  -3.6886  -1.4726  -2.1004  -1.6943  3.6423   -8.6113  -7.4226  -0.3350  -13.5330 
L -1.6575  -3.5390  -4.6864  -5.9559  -1.4277  -3.0986  -4.6436  -5.2503  -3.3530  2.5465   5.3077   -3.9312  2.6673   1.5374   -4.0078  -3.7306  -2.2274  -0.9686  -1.1184  1.3526   -8.3760  -7.0029  -0.6015  -13.8310 
K -1.2394  3.1687   0.7009   -0.1397  -4.4433  1.8976   1.2946   -2.0463  -0.0431  -4.0957  -3.9312  6.3817   -2.5048  -5.0894  -1.1498  -0.2240  -0.3834  -4.2297  -3.0345  -3.4802  -2.7660  -1.4712  -6.9920  -13.4860 
M -0.9391  -2.4361  -3.0661  -4.6681  -1.0407  -1.2531  -3.3068  -4.0375  -2.3621  1.8604   2.6673   -2.5048  8.4487   1.0520   -3.8252  -2.1903  -0.9491  -1.0302  -0.8492  0.8140   -6.9210  -5.4256  -0.6171  -13.3087 
F -2.5307  -4.5097  -4.4475  -6.2141  -1.2826  -4.2862  -5.6554  -4.8462  -1.4484  0.5772   1.5374   -5.0894  1.0520   8.3935   -4.4647  -3.6310  -2.8254  2.6169   4.1612   -0.2081  -8.3819  -8.0944  -1.7972  -13.6876 
P -0.8562  -1.9275  -1.6039  -1.0245  -4.3709  -1.4416  -1.0984  -2.1101  -2.0645  -4.1369  -4.0078  -1.1498  -3.8252  -4.4647  9.9012   -0.2763  -1.2556  -4.1803  -4.0889  -3.0849  -4.2588  -4.2229  -7.0556  -13.9504 
S 0.9658   -0.7751  1.1146   0.2107   -0.4274  -0.0157  -0.2530  -0.0386  -0.6854  -3.6886  -3.7306  -0.2240  -2.1903  -3.6310  -0.2763  5.1646   2.0334   -3.8134  -2.7360  -2.5970  -2.3859  -3.1632  -6.7148  -13.4356 
T -0.0471  -0.9265  0.1920   -0.8630  -0.9466  -0.2924  -0.6108  -2.0020  -1.2075  -1.4726  -2.2274  -0.3834  -0.9491  -2.8254  -1.2556  2.0334   5.9049   -3.4994  -2.4823  -0.3413  -3.3876  -3.4897  -4.9296  -13.4413 
W -3.2018  -2.6859  -4.4440  -5.6301  -2.5073  -3.6561  -4.9634  -4.6536  -1.3058  -2.1004  -0.9686  -4.2297  -1.0302  2.6169   -4.1803  -3.8134  -3.4994  14.4897  3.3156   -2.4693  -8.0911  -7.4300  -4.3580  -13.9250 
Y -2.7799  -2.3287  -2.2926  -4.1302  -1.5778  -2.3983  -3.6079  -4.6102  1.8165   -1.6943  -1.1184  -3.0345  -0.8492  4.1612   -4.0889  -2.7360  -2.4823  3.3156   9.7578   -1.8180  -6.2608  -6.1178  -4.3248  -13.7321 
V -0.0764  -3.4960  -4.1371  -5.2447  -0.1627  -3.1182  -3.7566  -4.4608  -3.4226  3.6423   1.3526   -3.4802  0.8140   -0.2081  -3.0849  -2.5970  -0.3413  -2.4693  -1.8180  5.4081   -7.7439  -6.5080  -0.6447  -13.5460 
B -4.6820  -3.7579  0.3900   0.7575   -7.0179  -2.4534  -1.1483  -3.5824  -2.6723  -8.6113  -8.3760  -2.7660  -6.9210  -8.3819  -4.2588  -2.3859  -3.3876  -8.0911  -6.2608  -7.7439  1.6557   -4.5891  -11.4625 -16.6012 
Z -3.7910  -2.2921  -2.5386  -1.0106  -7.5814  -0.1991  -0.0599  -5.0891  -2.8296  -7.4226  -7.0029  -1.4712  -5.4256  -8.0944  -4.2229  -3.1632  -3.4897  -7.4300  -6.1178  -6.5080  -4.5891  0.6997   -10.1551 -16.5000 
J -4.6125  -6.7417  -7.7225  -9.0920  -4.3449  -6.3502  -7.7134  -8.3798  -6.5795  -0.3350  -0.6015  -6.9920  -0.6171  -1.7972  -7.0556  -6.7148  -4.9296  -4.3580  -4.3248  -0.6447  -11.4625 -10.1551 -0.2742  -16.7176 
X -13.5733 -13.6404 -13.4764 -13.6932 -13.8127 -13.3541 -13.5880 -14.0805 -13.5396 -13.5330 -13.8310 -13.4860 -13.3087 -13.6876 -13.9504 -13.4356 -13.4413 -13.9250 -13.7321 -13.5460 -16.6012 -16.5000 -16.7176 -20.5991 