# Decimal PFASUM71 substitution matrix
# Rounded to 4 decimal digits
# Units = 1/3 Bits
# Entropy H = 0.607758 Bits
# Pfam seed version = 29.0
#
# For further information on the PFASUM substitution model, see 
#
#    PFASUM: A substitution matrix from Pfam structural alignments
#    Frank Keul, Martin Hess, Michael Goesele, Kay Hamacher
#    BMC Bioinformatics, 18(1), 2017
#    http://dx.doi.org/10.1186/s12859-017-1703-z
#
#    Project Website:
#    http://www.cbs.tu-darmstadt.de/PFASUM
#
  A        R        N        D        C        Q        E        G        H        I        L        K        M        F        P        S        T        W        Y        V        B        Z        J        X        
A 5.1228   -1.7274  -1.7391  -1.8822  0.2982   -0.8668  -0.8984  -0.0650  -2.2202  -1.7225  -1.8596  -1.3527  -1.1033  -2.7687  -0.9764  1.0046   -0.0936  -3.4672  -3.0270  -0.1508  -4.8218  -3.8867  -4.8078  -13.6207 
R -1.7274  7.4960   -0.3421  -1.4317  -3.9244  1.4906   -0.0504  -2.8295  0.5484   -4.3489  -3.7391  3.2389   -2.6229  -4.8037  -2.1725  -0.9390  -1.0941  -2.8892  -2.5475  -3.7322  -3.9429  -2.4157  -6.9575  -13.6988 
N -1.7391  -0.3421  7.9254   2.3130   -3.0457  0.6112   0.1960   -0.2518  1.2473   -5.0256  -4.9164  0.6072   -3.2442  -4.7046  -1.8307  1.0877   0.1147   -4.7065  -2.4649  -4.3550  0.5994   -2.6460  -7.9570  -13.5219 
D -1.8822  -1.4317  2.3130   7.8367   -5.3077  0.3351   2.7389   -1.1212  -0.5873  -6.6658  -6.2584  -0.3024  -4.9500  -6.5532  -1.2283  0.0946   -1.0222  -5.9553  -4.3895  -5.5288  0.9538   -1.0022  -9.4065  -13.7451 
C 0.2982   -3.9244  -3.0457  -5.3077  14.3630  -4.0997  -5.3637  -2.8542  -2.5783  -1.3939  -1.6100  -4.7128  -1.2077  -1.4758  -4.6716  -0.4427  -0.9836  -2.7236  -1.7497  -0.2321  -7.2166  -7.8530  -4.5278  -13.8668 
Q -0.8668  1.4906   0.6112   0.3351   -4.0997  7.0945   2.1829   -2.2742  1.2077   -4.0060  -3.2180  1.8801   -1.3018  -4.5262  -1.5954  -0.1232  -0.4081  -3.8694  -2.5936  -3.2894  -2.5474  -0.0097  -6.4965  -13.3935 
E -0.8984  -0.0504  0.1960   2.7389   -5.3637  2.1829   6.6214   -2.3028  -0.7186  -5.0945  -4.8800  1.1928   -3.5249  -5.9882  -1.2761  -0.3945  -0.7569  -5.2623  -3.8739  -3.9529  -1.1495  0.1440   -7.9591  -13.6394 
G -0.0650  -2.8295  -0.2518  -1.1212  -2.8542  -2.2742  -2.3028  8.4219   -2.5501  -5.9537  -5.5709  -2.2472  -4.3464  -5.1663  -2.3957  -0.1310  -2.2138  -4.9506  -4.9624  -4.7452  -3.7366  -5.2922  -8.7103  -14.1485 
H -2.2202  0.5484   1.2473   -0.5873  -2.5783  1.2077   -0.7186  -2.5501  10.9201  -4.2195  -3.5339  -0.1381  -2.5689  -1.5270  -2.2624  -0.8091  -1.3559  -1.4495  1.8540   -3.6524  -2.7250  -2.9043  -6.7781  -13.5895 
I -1.7225  -4.3489  -5.0256  -6.6658  -1.3939  -4.0060  -5.0945  -5.9537  -4.2195  6.1371   2.5298   -4.3299  1.8535   0.4199   -4.4107  -3.9261  -1.5642  -2.3216  -1.9287  3.7132   -8.9040  -7.6600  -0.2327  -13.5715 
L -1.8596  -3.7391  -4.9164  -6.2584  -1.6100  -3.2180  -4.8800  -5.5709  -3.5339  2.5298   5.5359   -4.1172  2.7010   1.4650   -4.2578  -3.9479  -2.3790  -1.1458  -1.2890  1.2817   -8.6466  -7.1898  -0.4664  -13.8773 
K -1.3527  3.2389   0.6072   -0.3024  -4.7128  1.8801   1.1928   -2.2472  -0.1381  -4.3299  -4.1172  6.7045   -2.6494  -5.3992  -1.3317  -0.3571  -0.5005  -4.4671  -3.2837  -3.6716  -2.8990  -1.5405  -7.1956  -13.5321 
M -1.1033  -2.6229  -3.2442  -4.9500  -1.2077  -1.3018  -3.5249  -4.3464  -2.5689  1.8535   2.7010   -2.6494  8.9001   0.9485   -4.1205  -2.3701  -1.0306  -1.2179  -1.0408  0.7451   -7.1545  -5.5663  -0.5972  -13.3540 
F -2.7687  -4.8037  -4.7046  -6.5532  -1.4758  -4.5262  -5.9882  -5.1663  -1.5270  0.4199   1.4650   -5.3992  0.9485   8.7280   -4.7877  -3.8601  -3.0481  2.6125   4.2519   -0.3893  -8.6835  -8.3893  -1.8974  -13.7456 
P -0.9764  -2.1725  -1.8307  -1.2283  -4.6716  -1.5954  -1.2761  -2.3957  -2.2624  -4.4107  -4.2578  -1.3317  -4.1205  -4.7877  10.1431  -0.3781  -1.4219  -4.4961  -4.3869  -3.2988  -4.4698  -4.3913  -7.3144  -14.0237 
S 1.0046   -0.9390  1.0877   0.0946   -0.4427  -0.1232  -0.3945  -0.1310  -0.8091  -3.9261  -3.9479  -0.3571  -2.3701  -3.8601  -0.3781  5.5264   2.0778   -4.0568  -2.9596  -2.7705  -2.4626  -3.2923  -6.9398  -13.4741 
T -0.0936  -1.0941  0.1147   -1.0222  -0.9836  -0.4081  -0.7569  -2.2138  -1.3559  -1.5642  -2.3790  -0.5005  -1.0306  -3.0481  -1.4219  2.0778   6.2836   -3.7569  -2.7183  -0.3775  -3.5106  -3.6248  -5.0557  -13.4859 
W -3.4672  -2.8892  -4.7065  -5.9553  -2.7236  -3.8694  -5.2623  -4.9506  -1.4495  -2.3216  -1.1458  -4.4671  -1.2179  2.6125   -4.4961  -4.0568  -3.7569  14.7612  3.3214   -2.7207  -8.3893  -7.6945  -4.5496  -13.9917 
Y -3.0270  -2.5475  -2.4649  -4.3895  -1.7497  -2.5936  -3.8739  -4.9624  1.8540   -1.9287  -1.2890  -3.2837  -1.0408  4.2519   -4.3869  -2.9596  -2.7183  3.3214   10.0946  -2.0647  -6.4798  -6.3560  -4.5176  -13.7930 
V -0.1508  -3.7322  -4.3550  -5.5288  -0.2321  -3.2894  -3.9529  -4.7452  -3.6524  3.7132   1.2817   -3.6716  0.7451   -0.3893  -3.2988  -2.7705  -0.3775  -2.7207  -2.0647  5.6810   -7.9993  -6.6958  -0.6423  -13.5882 
B -4.8218  -3.9429  0.5994   0.9538   -7.2166  -2.5474  -1.1495  -3.7366  -2.7250  -8.9040  -8.6466  -2.8990  -7.1545  -8.6835  -4.4698  -2.4626  -3.5106  -8.3893  -6.4798  -7.9993  1.9828   -4.6148  -11.7412 -16.6510 
Z -3.8867  -2.4157  -2.6460  -1.0022  -7.8530  -0.0097  0.1440   -5.2922  -2.9043  -7.6600  -7.1898  -1.5405  -5.5663  -8.3893  -4.3913  -3.2923  -3.6248  -7.6945  -6.3560  -6.6958  -4.6148  1.0333   -10.3600 -16.5474 
J -4.8078  -6.9575  -7.9570  -9.4065  -4.5278  -6.4965  -7.9591  -8.7103  -6.7781  -0.2327  -0.4664  -7.1956  -0.5972  -1.8974  -7.3144  -6.9398  -5.0557  -4.5496  -4.5176  -0.6423  -11.7412 -10.3600 -0.0325  -16.7608 
X -13.6207 -13.6988 -13.5219 -13.7451 -13.8668 -13.3935 -13.6394 -14.1485 -13.5895 -13.5715 -13.8773 -13.5321 -13.3540 -13.7456 -14.0237 -13.4741 -13.4859 -13.9917 -13.7930 -13.5882 -16.6510 -16.5474 -16.7608 -20.6492 