# Decimal PFASUM22 substitution matrix
# Rounded to 4 decimal digits
# Units = 1/5 Bits
# Entropy H = 0.150612 Bits
# Pfam seed version = 29.0
#
# For further information on the PFASUM substitution model, see 
#
#    PFASUM: A substitution matrix from Pfam structural alignments
#    Frank Keul, Martin Hess, Michael Goesele, Kay Hamacher
#    BMC Bioinformatics, 18(1), 2017
#    http://dx.doi.org/10.1186/s12859-017-1703-z
#
#    Project Website:
#    http://www.cbs.tu-darmstadt.de/PFASUM
#
  A        R        N        D        C        Q        E        G        H        I        L        K        M        F        P        S        T        W        Y        V        B        Z        J        X        
A 3.8744   -1.0805  -1.1204  -1.4317  0.8747   -0.3703  -0.7014  0.7399   -1.8296  -0.6508  -0.5816  -1.1201  0.0339   -1.4054  -0.6546  0.8962   0.3368   -2.1042  -1.6038  0.2693   -6.2846  -5.5661  -5.6080  -22.1210 
R -1.0805  7.3990   1.0460   0.6290   -2.9121  2.3240   1.7236   -1.6084  1.2197   -3.9065  -3.3013  4.0098   -2.2282  -4.0457  -0.5216  -0.0719  -0.3466  -2.1392  -1.5984  -3.1420  -4.1732  -3.0283  -8.5265  -22.1149 
N -1.1204  1.0460   6.3361   3.2065   -2.5884  1.7026   1.7564   0.6133   1.4273   -4.3722  -4.1106  1.8398   -2.7210  -3.8035  -0.3683  1.4563   0.7397   -3.5533  -1.6805  -3.7030  -2.6074  -3.2652  -9.2094  -21.9967 
D -1.4317  0.6290   3.2065   8.5351   -4.1702  1.6826   3.9350   -0.1406  0.0984   -5.7995  -5.5239  1.4965   -4.4446  -5.7050  0.3243   0.9791   -0.0496  -4.9302  -3.3498  -4.8164  -1.6166  -1.8901  -10.6280 -22.2179 
C 0.8747   -2.9121  -2.5884  -4.1702  16.4855  -3.6113  -4.2244  -1.2163  -1.1891  0.6495   0.4410   -3.9111  0.7721   0.6830   -2.4868  -0.0385  -0.5116  -0.9570  -0.3732  1.1302   -8.3879  -8.9710  -4.4786  -22.0200 
Q -0.3703  2.3240   1.7026   1.6826   -3.6113  5.6722   3.2315   -1.3600  1.1903   -3.6374  -2.9617  2.7214   -1.5479  -3.8841  -0.7681  0.6008   0.2623   -3.1747  -1.7799  -3.0661  -3.3080  -2.6937  -8.2124  -21.9060 
E -0.7014  1.7236   1.7564   3.9350   -4.2244  3.2315   6.4991   -1.4693  0.2205   -4.7754  -4.2252  2.9350   -3.2725  -5.3795  -0.2420  0.5416   0.0857   -4.6505  -2.8772  -3.9021  -2.0017  -2.7520  -9.4305  -22.1092 
G 0.7399   -1.6084  0.6133   -0.1406  -1.2163  -1.3600  -1.4693  9.6560   -1.7163  -4.2557  -4.0781  -1.4144  -2.5178  -3.4072  -0.6781  0.9242   -0.7533  -3.0408  -3.2473  -3.2714  -4.7786  -6.4251  -9.1455  -22.5428 
H -1.8296  1.2197   1.4273   0.0984   -1.1891  1.1903   0.2205   -1.7163  13.9688  -3.7588  -3.2887  0.3844   -2.3189  -1.9427  -0.4972  -0.4428  -0.8999  -0.8469  1.2331   -3.2094  -4.2503  -4.3728  -8.4647  -22.1459 
I -0.6508  -3.9065  -4.3722  -5.7995  0.6495   -3.6374  -4.7754  -4.2557  -3.7588  5.2964   3.4251   -4.0036  2.3471   2.1635   -3.2768  -3.0038  -1.1150  -0.5087  -0.2173  3.9298   -10.0974 -9.2949  -2.6164  -22.1474 
L -0.5816  -3.3013  -4.1106  -5.5239  0.4410   -2.9617  -4.2252  -4.0781  -3.2887  3.4251   4.7794   -3.8592  2.8095   2.5672   -3.1932  -2.9703  -1.5554  0.4191   0.1566   2.3616   -9.8291  -8.6891  -3.6037  -22.4352 
K -1.1201  4.0098   1.8398   1.4965   -3.9111  2.7214   2.9350   -1.4144  0.3844   -4.0036  -3.8592  6.2562   -2.8003  -4.6593  -0.1439  0.3796   0.0764   -3.6777  -2.2611  -3.4751  -3.3411  -2.1504  -8.9140  -22.0566 
M 0.0339   -2.2282  -2.7210  -4.4446  0.7721   -1.5479  -3.2725  -2.5178  -2.3189  2.3471   2.8095   -2.8003  5.5253   1.9623   -2.8463  -1.5486  -0.4280  0.4992   0.3723   1.7549   -8.5880  -7.5272  -2.3637  -21.7859 
F -1.4054  -4.0457  -3.8035  -5.7050  0.6830   -3.8841  -5.3795  -3.4072  -1.9427  2.1635   2.5672   -4.6593  1.9623   7.1648   -2.9515  -2.6468  -1.7072  3.3865   4.1061   1.2578   -9.7541  -9.7391  -2.5844  -22.1415 
P -0.6546  -0.5216  -0.3683  0.3243   -2.4868  -0.7681  -0.2420  -0.6781  -0.4972  -3.2768  -3.1932  -0.1439  -2.8463  -2.9515  11.5205  0.2845   -0.3167  -2.4302  -2.6025  -2.3913  -4.9910  -5.4495  -8.2250  -22.3349 
S 0.8962   -0.0719  1.4563   0.9791   -0.0385  0.6008   0.5416   0.9242   -0.4428  -3.0038  -2.9703  0.3796   -1.5486  -2.6468  0.2845   3.9504   1.9275   -2.9453  -1.8039  -2.0831  -3.7940  -4.4345  -7.9831  -22.0547 
T 0.3368   -0.3466  0.7397   -0.0496  -0.5116  0.2623   0.0857   -0.7533  -0.8999  -1.1150  -1.5554  0.0764   -0.4280  -1.7072  -0.3167  1.9275   3.8853   -2.3286  -1.2415  -0.2122  -4.6701  -4.8426  -6.3840  -21.9447 
W -2.1042  -2.1392  -3.5533  -4.9302  -0.9570  -3.1747  -4.6505  -3.0408  -0.8469  -0.5087  0.4191   -3.6777  0.4992   3.3865   -2.4302  -2.9453  -2.3286  17.0800  4.5161   -0.8798  -9.2541  -9.0189  -4.9214  -22.2161 
Y -1.6038  -1.5984  -1.6805  -3.3498  -0.3732  -1.7799  -2.8772  -3.2473  1.2331   -0.2173  0.1566   -2.2611  0.3723   4.1061   -2.6025  -1.8039  -1.2415  4.5161   8.8543   -0.2713  -7.5217  -7.4147  -4.9840  -22.1123 
V 0.2693   -3.1420  -3.7030  -4.8164  1.1302   -3.0661  -3.9021  -3.2714  -3.2094  3.9298   2.3616   -3.4751  1.7549   1.2578   -2.3913  -2.0831  -0.2122  -0.8798  -0.2713  4.6450   -9.2748  -8.5535  -1.9984  -22.1024 
B -6.2846  -4.1732  -2.6074  -1.6166  -8.3879  -3.3080  -2.0017  -4.7786  -4.2503  -10.0974 -9.8291  -3.3411  -8.5880  -9.7541  -4.9910  -3.7940  -4.6701  -9.2541  -7.5217  -9.2748  -2.3087  -7.5001  -14.9304 -27.1142 
Z -5.5661  -3.0283  -3.2652  -1.8901  -8.9710  -2.6937  -2.7520  -6.4251  -4.3728  -9.2949  -8.6891  -2.1504  -7.5272  -9.7391  -5.4495  -4.4345  -4.8426  -9.0189  -7.4147  -8.5535  -7.5001  -3.4834  -13.9146 -27.0273 
J -5.6080  -8.5265  -9.2094  -10.6280 -4.4786  -8.2124  -9.4305  -9.1455  -8.4647  -2.6164  -3.6037  -8.9140  -2.3637  -2.5844  -8.2250  -7.9831  -6.3840  -4.9214  -4.9840  -1.9984  -14.9304 -13.9146 -4.6832  -27.3245 
X -22.1210 -22.1149 -21.9967 -22.2179 -22.0200 -21.9060 -22.1092 -22.5428 -22.1459 -22.1474 -22.4352 -22.0566 -21.7859 -22.1415 -22.3349 -22.0547 -21.9447 -22.2161 -22.1123 -22.1024 -27.1142 -27.0273 -27.3245 -33.7669 