# Decimal PFASUM72 substitution matrix
# Rounded to 4 decimal digits
# Units = 1/3 Bits
# Entropy H = 0.618653 Bits
# Pfam seed version = 29.0
#
# For further information on the PFASUM substitution model, see 
#
#    PFASUM: A substitution matrix from Pfam structural alignments
#    Frank Keul, Martin Hess, Michael Goesele, Kay Hamacher
#    BMC Bioinformatics, 18(1), 2017
#    http://dx.doi.org/10.1186/s12859-017-1703-z
#
#    Project Website:
#    http://www.cbs.tu-darmstadt.de/PFASUM
#
  A        R        N        D        C        Q        E        G        H        I        L        K        M        F        P        S        T        W        Y        V        B        Z        J        X        
A 5.1692   -1.7608  -1.7616  -1.9062  0.2918   -0.8856  -0.9133  -0.0780  -2.2500  -1.7542  -1.8953  -1.3717  -1.1311  -2.8102  -0.9956  1.0101   -0.1015  -3.5150  -3.0693  -0.1640  -4.8452  -3.9031  -4.8419  -13.6287 
R -1.7608  7.5458   -0.3661  -1.4719  -3.9578  1.4813   -0.0818  -2.8728  0.5338   -4.3901  -3.7723  3.2494   -2.6562  -4.8516  -2.2144  -0.9679  -1.1240  -2.9244  -2.5854  -3.7719  -3.9757  -2.4376  -6.9935  -13.7088 
N -1.7616  -0.3661  7.9917   2.3078   -3.0683  0.5965   0.1722   -0.2751  1.2500   -5.0663  -4.9552  0.5888   -3.2768  -4.7458  -1.8699  1.0812   0.1007   -4.7506  -2.4940  -4.3914  0.6340   -2.6663  -7.9965  -13.5302 
D -1.9062  -1.4719  2.3078   7.8808   -5.3517  0.3163   2.7444   -1.1495  -0.6084  -6.7207  -6.3075  -0.3311  -4.9978  -6.6072  -1.2640  0.0739   -1.0494  -6.0059  -4.4316  -5.5738  0.9847   -1.0021  -9.4576  -13.7537 
C 0.2918   -3.9578  -3.0683  -5.3517  14.3932  -4.1350  -5.4189  -2.8881  -2.6174  -1.4281  -1.6425  -4.7599  -1.2376  -1.5107  -4.7185  -0.4419  -0.9928  -2.7587  -1.7831  -0.2467  -7.2497  -7.8999  -4.5610  -13.8762 
Q -0.8856  1.4813   0.5965   0.3163   -4.1350  7.1626   2.1813   -2.3103  1.2121   -4.0394  -3.2376  1.8750   -1.3142  -4.5669  -1.6217  -0.1430  -0.4296  -3.9069  -2.6264  -3.3182  -2.5645  0.0213   -6.5207  -13.4004 
E -0.9133  -0.0818  0.1722   2.7444   -5.4189  2.1813   6.6685   -2.3369  -0.7442  -5.1372  -4.9178  1.1737   -3.5620  -6.0423  -1.3076  -0.4205  -0.7835  -5.3151  -3.9157  -3.9848  -1.1515  0.1773   -7.9986  -13.6481 
G -0.0780  -2.8728  -0.2751  -1.1495  -2.8881  -2.3103  -2.3369  8.4537   -2.5881  -6.0108  -5.6247  -2.2811  -4.4010  -5.2188  -2.4422  -0.1468  -2.2486  -4.9987  -5.0219  -4.7927  -3.7629  -5.3271  -8.7653  -14.1597 
H -2.2500  0.5338   1.2500   -0.6084  -2.6174  1.2121   -0.7442  -2.5881  10.9692  -4.2594  -3.5642  -0.1553  -2.6055  -1.5388  -2.2940  -0.8300  -1.3820  -1.4715  1.8583   -3.6898  -2.7342  -2.9162  -6.8117  -13.5978 
I -1.7542  -4.3901  -5.0663  -6.7207  -1.4281  -4.0394  -5.1372  -6.0108  -4.2594  6.1840   2.5259   -4.3698  1.8522   0.3925   -4.4565  -3.9674  -1.5799  -2.3624  -1.9693  3.7248   -8.9522  -7.6991  -0.2158  -13.5781 
L -1.8953  -3.7723  -4.9552  -6.3075  -1.6425  -3.2376  -4.9178  -5.6247  -3.5642  2.5259   5.5741   -4.1467  2.7069   1.4512   -4.2989  -3.9855  -2.4038  -1.1809  -1.3188  1.2692   -8.6911  -7.2197  -0.4439  -13.8852 
K -1.3717  3.2494   0.5888   -0.3311  -4.7599  1.8750   1.1737   -2.2811  -0.1553  -4.3698  -4.1467  6.7575   -2.6750  -5.4496  -1.3647  -0.3812  -0.5230  -4.5058  -3.3262  -3.7044  -2.9232  -1.5541  -7.2289  -13.5402 
M -1.1311  -2.6562  -3.2768  -4.9978  -1.2376  -1.3142  -3.5620  -4.4010  -2.6055  1.8522   2.7069   -2.6750  8.9714   0.9301   -4.1718  -2.4020  -1.0446  -1.2525  -1.0747  0.7334   -7.1951  -5.5919  -0.5938  -13.3619 
F -2.8102  -4.8516  -4.7458  -6.6072  -1.5107  -4.5669  -6.0423  -5.2188  -1.5388  0.3925   1.4512   -5.4496  0.9301   8.7820   -4.8434  -3.8977  -3.0845  2.6112   4.2659   -0.4200  -8.7315  -8.4379  -1.9157  -13.7554 
P -0.9956  -2.2144  -1.8699  -1.2640  -4.7185  -1.6217  -1.3076  -2.4422  -2.2940  -4.4565  -4.2989  -1.3647  -4.1718  -4.8434  10.1815  -0.3955  -1.4485  -4.5523  -4.4371  -3.3325  -4.5066  -4.4209  -7.3573  -14.0358 
S 1.0101   -0.9679  1.0812   0.0739   -0.4419  -0.1430  -0.4205  -0.1468  -0.8300  -3.9674  -3.9855  -0.3812  -2.4020  -3.8977  -0.3955  5.5863   2.0837   -4.0964  -2.9986  -2.8007  -2.4769  -3.3160  -6.9787  -13.4809 
T -0.1015  -1.1240  0.1007   -1.0494  -0.9928  -0.4296  -0.7835  -2.2486  -1.3820  -1.5799  -2.4038  -0.5230  -1.0446  -3.0845  -1.4485  2.0837   6.3448   -3.8001  -2.7580  -0.3841  -3.5318  -3.6495  -5.0766  -13.4935 
W -3.5150  -2.9244  -4.7506  -6.0059  -2.7587  -3.9069  -5.3151  -4.9987  -1.4715  -2.3624  -1.1809  -4.5058  -1.2525  2.6112   -4.5523  -4.0964  -3.8001  14.8055  3.3190   -2.7660  -8.4372  -7.7409  -4.5866  -14.0033 
Y -3.0693  -2.5854  -2.4940  -4.4316  -1.7831  -2.6264  -3.9157  -5.0219  1.8583   -1.9693  -1.3188  -3.3262  -1.0747  4.2659   -4.4371  -2.9986  -2.7580  3.3190   10.1481  -2.1058  -6.5157  -6.3943  -4.5511  -13.8033 
V -0.1640  -3.7719  -4.3914  -5.5738  -0.2467  -3.3182  -3.9848  -4.7927  -3.6898  3.7248   1.2692   -3.7044  0.7334   -0.4200  -3.3325  -2.8007  -0.3841  -2.7660  -2.1058  5.7257   -8.0406  -6.7268  -0.6422  -13.5953 
B -4.8452  -3.9757  0.6340   0.9847   -7.2497  -2.5645  -1.1515  -3.7629  -2.7342  -8.9522  -8.6911  -2.9232  -7.1951  -8.7315  -4.5066  -2.4769  -3.5318  -8.4372  -6.5157  -8.0406  2.0355   -4.6209  -11.7870 -16.6596 
Z -3.9031  -2.4376  -2.6663  -1.0021  -7.8999  0.0213   0.1773   -5.3271  -2.9162  -7.6991  -7.2197  -1.5541  -5.5919  -8.4379  -4.4209  -3.3160  -3.6495  -7.7409  -6.3943  -6.7268  -4.6209  1.0874   -10.3931 -16.5556 
J -4.8419  -6.9935  -7.9965  -9.4576  -4.5610  -6.5207  -7.9986  -8.7653  -6.8117  -0.2158  -0.4439  -7.2289  -0.5938  -1.9157  -7.3573  -6.9787  -5.0766  -4.5866  -4.5511  -0.6422  -11.7870 -10.3931 0.0079   -16.7681 
X -13.6287 -13.7088 -13.5302 -13.7537 -13.8762 -13.4004 -13.6481 -14.1597 -13.5978 -13.5781 -13.8852 -13.5402 -13.3619 -13.7554 -14.0358 -13.4809 -13.4935 -14.0033 -13.8033 -13.5953 -16.6596 -16.5556 -16.7681 -20.6576 