# Decimal PFASUM66 substitution matrix
# Rounded to 4 decimal digits
# Units = 1/3 Bits
# Entropy H = 0.554671 Bits
# Pfam seed version = 29.0
#
# For further information on the PFASUM substitution model, see 
#
#    PFASUM: A substitution matrix from Pfam structural alignments
#    Frank Keul, Martin Hess, Michael Goesele, Kay Hamacher
#    BMC Bioinformatics, 18(1), 2017
#    http://dx.doi.org/10.1186/s12859-017-1703-z
#
#    Project Website:
#    http://www.cbs.tu-darmstadt.de/PFASUM
#
  A        R        N        D        C        Q        E        G        H        I        L        K        M        F        P        S        T        W        Y        V        B        Z        J        X        
A 4.8864   -1.5674  -1.6315  -1.7569  0.3174   -0.7759  -0.8243  0.0025   -2.0703  -1.5688  -1.6912  -1.2580  -0.9660  -2.5713  -0.8749  0.9725   -0.0540  -3.2438  -2.8211  -0.0880  -4.7037  -3.8063  -4.6450  -13.5809 
R -1.5674  7.2387   -0.2368  -1.2359  -3.7552  1.5328   0.0976   -2.6148  0.6148   -4.1451  -3.5736  3.1802   -2.4666  -4.5603  -1.9674  -0.8026  -0.9540  -2.7189  -2.3671  -3.5364  -3.7877  -2.3123  -6.7786  -13.6502 
N -1.6315  -0.2368  7.5911   2.3270   -2.9351  0.6760   0.3020   -0.1433  1.2272   -4.8239  -4.7257  0.6870   -3.0947  -4.4924  -1.6411  1.1112   0.1796   -4.4907  -2.3233  -4.1733  0.4250   -2.5553  -7.7622  -13.4838 
D -1.7569  -1.2359  2.3270   7.6067   -5.0948  0.4247   2.7062   -0.9757  -0.4826  -6.3852  -6.0055  -0.1655  -4.7129  -6.2699  -1.0567  0.1933   -0.8883  -5.6846  -4.1755  -5.2908  0.7896   -1.0083  -9.1436  -13.7015 
C 0.3174   -3.7552  -2.9351  -5.0948  14.2093  -3.9261  -5.1053  -2.6869  -2.3851  -1.2420  -1.4602  -4.4902  -1.0725  -1.3146  -4.4263  -0.4310  -0.9550  -2.5487  -1.6058  -0.1768  -7.0539  -7.6290  -4.3773  -13.8227 
Q -0.7759  1.5328   0.6760   0.4247   -3.9261  6.7467   2.1838   -2.1000  1.1879   -3.8399  -3.1189  1.8961   -1.2632  -4.3253  -1.4674  -0.0331  -0.3106  -3.6891  -2.4319  -3.1462  -2.4679  -0.1680  -6.3746  -13.3604 
E -0.8243  0.0976   0.3020   2.7062   -5.1053  2.1838   6.3814   -2.1330  -0.5917  -4.8760  -4.6836  1.2784   -3.3424  -5.7117  -1.1276  -0.2757  -0.6343  -5.0135  -3.6536  -3.7887  -1.1478  -0.0258  -7.7545  -13.5964 
G 0.0025   -2.6148  -0.1433  -0.9757  -2.6869  -2.1000  -2.1330  8.2620   -2.3683  -5.6612  -5.3024  -2.0787  -4.0857  -4.8988  -2.1564  -0.0526  -2.0352  -4.6994  -4.6685  -4.5057  -3.6063  -5.1207  -8.4331  -14.0913 
H -2.0703  0.6148   1.2272   -0.4826  -2.3851  1.1879   -0.5917  -2.3683  10.6599  -4.0258  -3.3839  -0.0578  -2.3963  -1.4634  -2.0997  -0.7055  -1.2303  -1.3309  1.8237   -3.4609  -2.6807  -2.8427  -6.6129  -13.5477 
I -1.5688  -4.1451  -4.8239  -6.3852  -1.2420  -3.8399  -4.8760  -5.6612  -4.0258  5.9036   2.5448   -4.1347  1.8597   0.5515   -4.1826  -3.7265  -1.4873  -2.1365  -1.7322  3.6551   -8.6597  -7.4616  -0.3175  -13.5392 
L -1.6912  -3.5736  -4.7257  -6.0055  -1.4602  -3.1189  -4.6836  -5.3024  -3.3839  2.5448   5.3463   -3.9629  2.6743   1.5246   -4.0502  -3.7666  -2.2525  -0.9981  -1.1479  1.3417   -8.4211  -7.0346  -0.5784  -13.8388 
K -1.2580  3.1802   0.6870   -0.1655  -4.4902  1.8961   1.2784   -2.0787  -0.0578  -4.1347  -3.9629  6.4361   -2.5293  -5.1425  -1.1795  -0.2451  -0.4016  -4.2686  -3.0780  -3.5123  -2.7867  -1.4817  -7.0263  -13.4935 
M -0.9660  -2.4666  -3.0947  -4.7129  -1.0725  -1.2632  -3.3424  -4.0857  -2.3963  1.8597   2.6743   -2.5293  8.5272   1.0350   -3.8766  -2.2212  -0.9635  -1.0613  -0.8824  0.8039   -6.9582  -5.4496  -0.6126  -13.3160 
F -2.5713  -4.5603  -4.4924  -6.2699  -1.3146  -4.3253  -5.7117  -4.8988  -1.4634  0.5515   1.5246   -5.1425  1.0350   8.4511   -4.5208  -3.6700  -2.8636  2.6176   4.1766   -0.2376  -8.4328  -8.1436  -1.8142  -13.6975 
P -0.8749  -1.9674  -1.6411  -1.0567  -4.4263  -1.4674  -1.1276  -2.1564  -2.0997  -4.1826  -4.0502  -1.1795  -3.8766  -4.5208  9.9436   -0.2930  -1.2838  -4.2333  -4.1396  -3.1203  -4.2927  -4.2507  -7.0993  -13.9627 
S 0.9725   -0.8026  1.1112   0.1933   -0.4310  -0.0331  -0.2757  -0.0526  -0.7055  -3.7265  -3.7666  -0.2451  -2.2212  -3.6700  -0.2930  5.2248   2.0415   -3.8540  -2.7729  -2.6251  -2.3971  -3.1840  -6.7516  -13.4418 
T -0.0540  -0.9540  0.1796   -0.8883  -0.9550  -0.3106  -0.6343  -2.0352  -1.2303  -1.4873  -2.2525  -0.4016  -0.9635  -2.8636  -1.2838  2.0415   5.9687   -3.5412  -2.5221  -0.3470  -3.4071  -3.5112  -4.9503  -13.4485 
W -3.2438  -2.7189  -4.4907  -5.6846  -2.5487  -3.6891  -5.0135  -4.6994  -1.3309  -2.1365  -0.9981  -4.2686  -1.0613  2.6176   -4.2333  -3.8540  -3.5412  14.5351  3.3183   -2.5095  -8.1424  -7.4731  -4.3896  -13.9359 
Y -2.8211  -2.3671  -2.3233  -4.1755  -1.6058  -2.4319  -3.6536  -4.6685  1.8237   -1.7322  -1.1479  -3.0780  -0.8824  4.1766   -4.1396  -2.7729  -2.5221  3.3183   9.8155   -1.8587  -6.2992  -6.1587  -4.3573  -13.7425 
V -0.0880  -3.5364  -4.1733  -5.2908  -0.1768  -3.1462  -3.7887  -4.5057  -3.4609  3.6551   1.3417   -3.5123  0.8039   -0.2376  -3.1203  -2.6251  -0.3470  -2.5095  -1.8587  5.4546   -7.7857  -6.5387  -0.6435  -13.5528 
B -4.7037  -3.7877  0.4250   0.7896   -7.0539  -2.4679  -1.1478  -3.6063  -2.6807  -8.6597  -8.4211  -2.7867  -6.9582  -8.4328  -4.2927  -2.3971  -3.4071  -8.1424  -6.2992  -7.7857  1.7103   -4.5925  -11.5088 -16.6092 
Z -3.8063  -2.3123  -2.5553  -1.0083  -7.6290  -0.1680  -0.0258  -5.1207  -2.8427  -7.4616  -7.0346  -1.4817  -5.4496  -8.1436  -4.2507  -3.1840  -3.5112  -7.4731  -6.1587  -6.5387  -4.5925  0.7559   -10.1894 -16.5078 
J -4.6450  -6.7786  -7.7622  -9.1436  -4.3773  -6.3746  -7.7545  -8.4331  -6.6129  -0.3175  -0.5784  -7.0263  -0.6126  -1.8142  -7.0993  -6.7516  -4.9503  -4.3896  -4.3573  -0.6435  -11.5088 -10.1894 -0.2333  -16.7248 
X -13.5809 -13.6502 -13.4838 -13.7015 -13.8227 -13.3604 -13.5964 -14.0913 -13.5477 -13.5392 -13.8388 -13.4935 -13.3160 -13.6975 -13.9627 -13.4418 -13.4485 -13.9359 -13.7425 -13.5528 -16.6092 -16.5078 -16.7248 -20.6073 