# Decimal PFASUM85 substitution matrix
# Rounded to 4 decimal digits
# Units = 1/2 Bits
# Entropy H = 0.730946 Bits
# Pfam seed version = 29.0
#
# For further information on the PFASUM substitution model, see 
#
#    PFASUM: A substitution matrix from Pfam structural alignments
#    Frank Keul, Martin Hess, Michael Goesele, Kay Hamacher
#    BMC Bioinformatics, 18(1), 2017
#    http://dx.doi.org/10.1186/s12859-017-1703-z
#
#    Project Website:
#    http://www.cbs.tu-darmstadt.de/PFASUM
#
  A        R        N        D        C        Q        E        G        H        I        L        K        M        F        P        S        T        W        Y        V        B        Z        J        X        
A 3.7559   -1.4131  -1.3181  -1.4442  0.1226   -0.7356  -0.7204  -0.1459  -1.7084  -1.3763  -1.5020  -1.0611  -0.9495  -2.1404  -0.7926  0.6951   -0.1250  -2.6513  -2.3202  -0.2015  -3.3912  -2.7259  -3.4541  -9.1399  
R -1.4131  5.3405   -0.4154  -1.2755  -2.9044  0.8902   -0.2938  -2.2065  0.2388   -3.2018  -2.7360  2.2049   -1.9887  -3.5463  -1.7797  -0.8562  -0.9689  -2.1551  -1.9796  -2.7865  -2.8874  -1.8022  -4.9026  -9.2081  
N -1.3181  -0.4154  5.7247   1.4853   -2.2288  0.2773   -0.0599  -0.3422  0.8339   -3.6189  -3.5285  0.2445   -2.3852  -3.4077  -1.5123  0.6812   -0.0254  -3.4328  -1.8477  -3.1510  0.6288   -1.9318  -5.5622  -9.0740  
D -1.4442  -1.2755  1.4853   5.5371   -3.8577  0.0533   1.8609   -0.9713  -0.5683  -4.8292  -4.5082  -0.4414  -3.6449  -4.7477  -1.1028  -0.1087  -0.9009  -4.3109  -3.2207  -4.0120  0.8533   -0.6783  -6.6249  -9.2282  
C 0.1226   -2.9044  -2.2288  -3.8577  9.7745   -3.0339  -4.0271  -2.1647  -1.9839  -1.1882  -1.3383  -3.5397  -1.0427  -1.2602  -3.4865  -0.3254  -0.7449  -2.0492  -1.4055  -0.2797  -5.0686  -5.6227  -3.2809  -9.3214  
Q -0.7356  0.8902   0.2773   0.0533   -3.0339  5.2250   1.4046   -1.7932  0.8107   -2.9095  -2.2732  1.1815   -0.9593  -3.2866  -1.2486  -0.2454  -0.4433  -2.8216  -1.9654  -2.4013  -1.8517  0.2099   -4.4965  -8.9856  
E -0.7204  -0.2938  -0.0599  1.8609   -4.0271  1.4046   4.7452   -1.7899  -0.6955  -3.7103  -3.5204  0.6213   -2.6254  -4.3738  -1.0922  -0.4707  -0.7201  -3.8559  -2.8963  -2.8636  -0.7885  0.3232   -5.5904  -9.1601  
G -0.1459  -2.2065  -0.3422  -0.9713  -2.1647  -1.7932  -1.7899  5.8298   -1.9807  -4.3766  -4.0958  -1.7739  -3.2756  -3.8281  -1.9451  -0.2068  -1.7340  -3.6494  -3.7277  -3.5036  -2.6936  -3.7911  -6.1983  -9.5125  
H -1.7084  0.2388   0.8339   -0.5683  -1.9839  0.8107   -0.6955  -1.9807  7.6188   -3.1018  -2.5596  -0.2466  -1.9692  -1.1046  -1.7339  -0.7016  -1.1067  -1.1254  1.2590   -2.7177  -1.9027  -2.0495  -4.7519  -9.1232  
I -1.3763  -3.2018  -3.6189  -4.8292  -1.1882  -2.9095  -3.7103  -4.3766  -3.1018  4.4330   1.6505   -3.1808  1.2184   0.0847   -3.2683  -2.9059  -1.1627  -1.8235  -1.5695  2.5462   -6.2648  -5.3907  -0.0297  -9.0973  
L -1.5020  -2.7360  -3.5285  -4.5082  -1.3383  -2.2732  -3.5204  -4.0958  -2.5596  1.6505   3.9736   -2.9630  1.8272   0.8750   -3.1106  -2.8847  -1.7655  -1.0032  -1.0668  0.7523   -6.0610  -4.9992  -0.1438  -9.3079  
K -1.0611  2.2049   0.2445   -0.4414  -3.5397  1.1815   0.6213   -1.7739  -0.2466  -3.1808  -2.9630  4.8425   -1.9632  -3.9699  -1.1581  -0.4426  -0.5113  -3.2620  -2.5007  -2.6844  -2.1370  -1.1608  -5.0431  -9.0875  
M -0.9495  -1.9887  -2.3852  -3.6449  -1.0427  -0.9593  -2.6254  -3.2756  -1.9692  1.2184   1.8272   -1.9632  6.4221   0.4948   -3.0904  -1.8169  -0.7921  -1.0616  -0.9408  0.4058   -5.0547  -3.8994  -0.3871  -8.9636  
F -2.1404  -3.5463  -3.4077  -4.7477  -1.2602  -3.2866  -4.3738  -3.8281  -1.1046  0.0847   0.8750   -3.9699  0.4948   6.1946   -3.5628  -2.8370  -2.2896  1.7212   2.9274   -0.4857  -6.1153  -5.9268  -1.3976  -9.2341  
P -0.7926  -1.7797  -1.5123  -1.1028  -3.4865  -1.2486  -1.0922  -1.9451  -1.7339  -3.2683  -3.1106  -1.1581  -3.0904  -3.5628  7.0146   -0.3783  -1.1499  -3.3961  -3.2781  -2.4473  -3.2656  -3.1485  -5.1690  -9.4354  
S 0.6951   -0.8562  0.6812   -0.1087  -0.3254  -0.2454  -0.4707  -0.2068  -0.7016  -2.9059  -2.8847  -0.4426  -1.8169  -2.8370  -0.3783  4.1038   1.4066   -2.9813  -2.2471  -2.0665  -1.7546  -2.3862  -4.8927  -9.0350  
T -0.1250  -0.9689  -0.0254  -0.9009  -0.7449  -0.4433  -0.7201  -1.7340  -1.1067  -1.1627  -1.7655  -0.5113  -0.7921  -2.2896  -1.1499  1.4066   4.6184   -2.8074  -2.0958  -0.3058  -2.5053  -2.6156  -3.5236  -9.0491  
W -2.6513  -2.1551  -3.4328  -4.3109  -2.0492  -2.8216  -3.8559  -3.6494  -1.1254  -1.8235  -1.0032  -3.2620  -1.0616  1.7212   -3.3961  -2.9813  -2.8074  10.1651  2.1967   -2.1360  -5.9140  -5.4330  -3.2852  -9.4074  
Y -2.3202  -1.9796  -1.8477  -3.2207  -1.4055  -1.9654  -2.8963  -3.7277  1.2590   -1.5695  -1.0668  -2.5007  -0.9408  2.9274   -3.2781  -2.2471  -2.0958  2.1967   7.0912   -1.6726  -4.5707  -4.5197  -3.2459  -9.2680  
V -0.2015  -2.7865  -3.1510  -4.0120  -0.2797  -2.4013  -2.8636  -3.5036  -2.7177  2.5462   0.7523   -2.6844  0.4058   -0.4857  -2.4473  -2.0665  -0.3058  -2.1360  -1.6726  4.1125   -5.6234  -4.6856  -0.4370  -9.1134  
B -3.3912  -2.8874  0.6288   0.8533   -5.0686  -1.8517  -0.7885  -2.6936  -1.9027  -6.2648  -6.0610  -2.1370  -5.0547  -6.1153  -3.2656  -1.7546  -2.5053  -5.9140  -4.5707  -5.6234  1.6841   -3.1340  -8.1360  -11.1637 
Z -2.7259  -1.8022  -1.9318  -0.6783  -5.6227  0.2099   0.3232   -3.7911  -2.0495  -5.3907  -4.9992  -1.1608  -3.8994  -5.9268  -3.1485  -2.3862  -2.6156  -5.4330  -4.5197  -4.6856  -3.1340  1.0727   -7.1404  -11.0954 
J -3.4541  -4.9026  -5.5622  -6.6249  -3.2809  -4.4965  -5.5904  -6.1983  -4.7519  -0.0297  -0.1438  -5.0431  -0.3871  -1.3976  -5.1690  -4.8927  -3.5236  -3.2852  -3.2459  -0.4370  -8.1360  -7.1404  0.2749   -11.2272 
X -9.1399  -9.2081  -9.0740  -9.2282  -9.3214  -8.9856  -9.1601  -9.5125  -9.1232  -9.0973  -9.3079  -9.0875  -8.9636  -9.2341  -9.4354  -9.0350  -9.0491  -9.4074  -9.2680  -9.1134  -11.1637 -11.0954 -11.2272 -13.8295 