# Decimal PFASUM86 substitution matrix
# Rounded to 4 decimal digits
# Units = 1/2 Bits
# Entropy H = 0.731062 Bits
# Pfam seed version = 29.0
#
# For further information on the PFASUM substitution model, see 
#
#    PFASUM: A substitution matrix from Pfam structural alignments
#    Frank Keul, Martin Hess, Michael Goesele, Kay Hamacher
#    BMC Bioinformatics, 18(1), 2017
#    http://dx.doi.org/10.1186/s12859-017-1703-z
#
#    Project Website:
#    http://www.cbs.tu-darmstadt.de/PFASUM
#
  A        R        N        D        C        Q        E        G        H        I        L        K        M        F        P        S        T        W        Y        V        B        Z        J        X        
A 3.7564   -1.4137  -1.3180  -1.4444  0.1218   -0.7360  -0.7208  -0.1454  -1.7085  -1.3761  -1.5022  -1.0615  -0.9495  -2.1405  -0.7925  0.6948   -0.1247  -2.6516  -2.3203  -0.2014  -3.3913  -2.7263  -3.4541  -9.1399  
R -1.4137  5.3409   -0.4159  -1.2762  -2.9042  0.8896   -0.2951  -2.2062  0.2385   -3.2022  -2.7364  2.2046   -1.9888  -3.5466  -1.7802  -0.8570  -0.9697  -2.1557  -1.9802  -2.7868  -2.8880  -1.8032  -4.9029  -9.2082  
N -1.3180  -0.4159  5.7251   1.4847   -2.2294  0.2768   -0.0604  -0.3422  0.8337   -3.6184  -3.5282  0.2439   -2.3853  -3.4075  -1.5123  0.6809   -0.0257  -3.4329  -1.8477  -3.1503  0.6288   -1.9323  -5.5618  -9.0741  
D -1.4444  -1.2762  1.4847   5.5374   -3.8584  0.0524   1.8612   -0.9711  -0.5687  -4.8286  -4.5077  -0.4421  -3.6449  -4.7475  -1.1035  -0.1096  -0.9016  -4.3113  -3.2206  -4.0115  0.8534   -0.6783  -6.6243  -9.2283  
C 0.1218   -2.9042  -2.2294  -3.8584  9.7744   -3.0343  -4.0275  -2.1647  -1.9836  -1.1881  -1.3387  -3.5407  -1.0431  -1.2605  -3.4863  -0.3258  -0.7451  -2.0489  -1.4047  -0.2801  -5.0693  -5.6232  -3.2811  -9.3215  
Q -0.7360  0.8896   0.2768   0.0524   -3.0343  5.2261   1.4037   -1.7933  0.8111   -2.9097  -2.2733  1.1806   -0.9599  -3.2868  -1.2482  -0.2460  -0.4438  -2.8229  -1.9658  -2.4013  -1.8524  0.2100   -4.4966  -8.9858  
E -0.7208  -0.2951  -0.0604  1.8612   -4.0275  1.4037   4.7458   -1.7895  -0.6961  -3.7105  -3.5204  0.6202   -2.6255  -4.3740  -1.0930  -0.4715  -0.7209  -3.8567  -2.8968  -2.8637  -0.7884  0.3234   -5.5905  -9.1603  
G -0.1454  -2.2062  -0.3422  -0.9711  -2.1647  -1.7933  -1.7895  5.8299   -1.9807  -4.3756  -4.0953  -1.7739  -3.2747  -3.8278  -1.9449  -0.2068  -1.7333  -3.6491  -3.7272  -3.5025  -2.6936  -3.7909  -6.1976  -9.5123  
H -1.7085  0.2385   0.8337   -0.5687  -1.9836  0.8111   -0.6961  -1.9807  7.6187   -3.1015  -2.5594  -0.2470  -1.9698  -1.1048  -1.7331  -0.7019  -1.1067  -1.1260  1.2593   -2.7176  -1.9031  -2.0496  -4.7516  -9.1232  
I -1.3761  -3.2022  -3.6184  -4.8286  -1.1881  -2.9097  -3.7105  -4.3756  -3.1015  4.4338   1.6503   -3.1811  1.2184   0.0847   -3.2685  -2.9059  -1.1627  -1.8236  -1.5697  2.5463   -6.2642  -5.3909  -0.0294  -9.0974  
L -1.5022  -2.7364  -3.5282  -4.5077  -1.3387  -2.2733  -3.5204  -4.0953  -2.5594  1.6503   3.9741   -2.9635  1.8271   0.8748   -3.1106  -2.8848  -1.7655  -1.0037  -1.0671  0.7523   -6.0607  -4.9992  -0.1435  -9.3080  
K -1.0615  2.2046   0.2439   -0.4421  -3.5407  1.1806   0.6202   -1.7739  -0.2470  -3.1811  -2.9635  4.8433   -1.9635  -3.9704  -1.1587  -0.4435  -0.5120  -3.2627  -2.5015  -2.6847  -2.1377  -1.1617  -5.0434  -9.0877  
M -0.9495  -1.9888  -2.3853  -3.6449  -1.0431  -0.9599  -2.6255  -3.2747  -1.9698  1.2184   1.8271   -1.9635  6.4226   0.4945   -3.0898  -1.8175  -0.7921  -1.0619  -0.9413  0.4061   -5.0548  -3.8996  -0.3872  -8.9636  
F -2.1405  -3.5466  -3.4075  -4.7475  -1.2605  -3.2868  -4.3740  -3.8278  -1.1048  0.0847   0.8748   -3.9704  0.4945   6.1951   -3.5636  -2.8373  -2.2896  1.7204   2.9273   -0.4857  -6.1151  -5.9270  -1.3977  -9.2342  
P -0.7925  -1.7802  -1.5123  -1.1035  -3.4863  -1.2482  -1.0930  -1.9449  -1.7331  -3.2685  -3.1106  -1.1587  -3.0898  -3.5636  7.0142   -0.3783  -1.1497  -3.3967  -3.2786  -2.4473  -3.2660  -3.1489  -5.1690  -9.4355  
S 0.6948   -0.8570  0.6809   -0.1096  -0.3258  -0.2460  -0.4715  -0.2068  -0.7019  -2.9059  -2.8848  -0.4435  -1.8175  -2.8373  -0.3783  4.1042   1.4060   -2.9823  -2.2480  -2.0664  -1.7553  -2.3869  -4.8927  -9.0352  
T -0.1247  -0.9697  -0.0257  -0.9016  -0.7451  -0.4438  -0.7209  -1.7333  -1.1067  -1.1627  -1.7655  -0.5120  -0.7921  -2.2896  -1.1497  1.4060   4.6189   -2.8074  -2.0962  -0.3059  -2.5057  -2.6163  -3.5237  -9.0492  
W -2.6516  -2.1557  -3.4329  -4.3113  -2.0489  -2.8229  -3.8567  -3.6491  -1.1260  -1.8236  -1.0037  -3.2627  -1.0619  1.7204   -3.3967  -2.9823  -2.8074  10.1657  2.1960   -2.1361  -5.9142  -5.4340  -3.2855  -9.4076  
Y -2.3203  -1.9802  -1.8477  -3.2206  -1.4047  -1.9658  -2.8968  -3.7272  1.2593   -1.5697  -1.0671  -2.5015  -0.9413  2.9273   -3.2786  -2.2480  -2.0962  2.1960   7.0918   -1.6729  -4.5707  -4.5202  -3.2461  -9.2681  
V -0.2014  -2.7868  -3.1503  -4.0115  -0.2801  -2.4013  -2.8637  -3.5025  -2.7176  2.5463   0.7523   -2.6847  0.4061   -0.4857  -2.4473  -2.0664  -0.3059  -2.1361  -1.6729  4.1131   -5.6228  -4.6857  -0.4370  -9.1135  
B -3.3913  -2.8880  0.6288   0.8534   -5.0693  -1.8524  -0.7884  -2.6936  -1.9031  -6.2642  -6.0607  -2.1377  -5.0548  -6.1151  -3.2660  -1.7553  -2.5057  -5.9142  -4.5707  -5.6228  1.6844   -3.1341  -8.1356  -11.1637 
Z -2.7263  -1.8032  -1.9323  -0.6783  -5.6232  0.2100   0.3234   -3.7909  -2.0496  -5.3909  -4.9992  -1.1617  -3.8996  -5.9270  -3.1489  -2.3869  -2.6163  -5.4340  -4.5202  -4.6857  -3.1341  1.0734   -7.1404  -11.0956 
J -3.4541  -4.9029  -5.5618  -6.6243  -3.2811  -4.4966  -5.5905  -6.1976  -4.7516  -0.0294  -0.1435  -5.0434  -0.3872  -1.3977  -5.1690  -4.8927  -3.5237  -3.2855  -3.2461  -0.4370  -8.1356  -7.1404  0.2756   -11.2273 
X -9.1399  -9.2082  -9.0741  -9.2283  -9.3215  -8.9858  -9.1603  -9.5123  -9.1232  -9.0974  -9.3080  -9.0877  -8.9636  -9.2342  -9.4355  -9.0352  -9.0492  -9.4076  -9.2681  -9.1135  -11.1637 -11.0956 -11.2273 -13.8295 