# Decimal PFASUM74 substitution matrix
# Rounded to 4 decimal digits
# Units = 1/2 Bits
# Entropy H = 0.641493 Bits
# Pfam seed version = 29.0
#
# For further information on the PFASUM substitution model, see 
#
#    PFASUM: A substitution matrix from Pfam structural alignments
#    Frank Keul, Martin Hess, Michael Goesele, Kay Hamacher
#    BMC Bioinformatics, 18(1), 2017
#    http://dx.doi.org/10.1186/s12859-017-1703-z
#
#    Project Website:
#    http://www.cbs.tu-darmstadt.de/PFASUM
#
  A        R        N        D        C        Q        E        G        H        I        L        K        M        F        P        S        T        W        Y        V        B        Z        J        X        
A 3.5105   -1.2205  -1.2052  -1.3055  0.1851   -0.6174  -0.6290  -0.0719  -1.5438  -1.2129  -1.3134  -0.9420  -0.7948  -1.9300  -0.6919  0.6807   -0.0805  -2.4061  -2.1051  -0.1293  -3.2633  -2.6247  -3.2753  -9.0972  
R -1.2205  5.0974   -0.2769  -1.0383  -2.6914  0.9715   -0.0984  -1.9767  0.3352   -2.9828  -2.5602  2.1789   -1.8151  -3.2993  -1.5366  -0.6854  -0.7914  -1.9957  -1.7750  -2.5701  -2.6965  -1.6570  -4.7115  -9.1530  
N -1.2052  -0.2769  5.4167   1.5313   -2.0818  0.3765   0.0819   -0.2161  0.8358   -3.4307  -3.3542  0.3654   -2.2264  -3.2175  -1.3015  0.7135   0.0484   -3.2211  -1.7031  -2.9789  0.4689   -1.8061  -5.3826  -9.0312  
D -1.3055  -1.0383  1.5313   5.3146   -3.6252  0.1821   1.8359   -0.8085  -0.4360  -4.5575  -4.2724  -0.2631  -3.3974  -4.4794  -0.8940  0.0203   -0.7390  -4.0707  -3.0128  -3.7818  0.6996   -0.6693  -6.3760  -9.1815  
C 0.1851   -2.6914  -2.0818  -3.6252  9.6371   -2.8132  -3.6908  -1.9738  -1.7984  -0.9968  -1.1429  -3.2463  -0.8670  -1.0577  -3.2185  -0.2986  -0.6746  -1.8838  -1.2357  -0.1845  -4.8804  -5.3359  -3.0873  -9.2645  
Q -0.6174  0.9715   0.3765   0.1821   -2.8132  4.8692   1.4505   -1.5916  0.8094   -2.7383  -2.1833  1.2416   -0.8904  -3.0958  -1.1182  -0.1224  -0.3164  -2.6506  -1.7960  -2.2513  -1.7353  0.0568   -4.3791  -8.9434  
E -0.6290  -0.0984  0.0819   1.8359   -3.6908  1.4505   4.5089   -1.6069  -0.5344  -3.4849  -3.3291  0.7539   -2.4271  -4.1014  -0.9133  -0.3154  -0.5593  -3.6090  -2.6709  -2.7011  -0.7709  0.1627   -5.3866  -9.1108  
G -0.0719  -1.9767  -0.2161  -0.8085  -1.9738  -1.5916  -1.6069  5.6789   -1.7776  -4.0882  -3.8244  -1.5725  -3.0090  -3.5552  -1.6952  -0.1207  -1.5503  -3.4029  -3.4313  -3.2643  -2.5469  -3.6013  -5.9205  -9.4557  
H -1.5438  0.3352   0.8358   -0.4360  -1.7984  0.8094   -0.5344  -1.7776  7.3809   -2.8948  -2.4161  -0.1290  -1.7851  -1.0412  -1.5763  -0.5820  -0.9576  -1.0114  1.2454   -2.5149  -1.8372  -1.9644  -4.5864  -9.0771  
I -1.2129  -2.9828  -3.4307  -4.5575  -0.9968  -2.7383  -3.4849  -4.0882  -2.8948  4.1863   1.6782   -2.9670  1.2319   0.2247   -3.0331  -2.6999  -1.0765  -1.6245  -1.3666  2.4982   -6.0340  -5.1871  -0.1207  -9.0612  
L -1.3134  -2.5602  -3.3542  -4.2724  -1.1429  -2.1833  -3.3291  -3.8244  -2.4161  1.6782   3.7692   -2.8045  1.8118   0.9497   -2.9196  -2.7058  -1.6372  -0.8271  -0.9191  0.8272   -5.8541  -4.8528  -0.2646  -9.2674  
K -0.9420  2.1789   0.3654   -0.2631  -3.2463  1.2416   0.7539   -1.5725  -0.1290  -2.9670  -2.8045  4.5773   -1.8189  -3.7018  -0.9573  -0.2891  -0.3800  -3.0585  -2.2755  -2.5138  -1.9846  -1.0568  -4.8644  -9.0384  
M -0.7948  -1.8151  -2.2264  -3.3974  -0.8670  -0.8904  -2.4271  -3.0090  -1.7851  1.2319   1.8118   -1.8189  6.0785   0.5963   -2.8494  -1.6450  -0.7168  -0.8764  -0.7605  0.4704   -4.8511  -3.7626  -0.3921  -8.9191  
F -1.9300  -3.2993  -3.2175  -4.4794  -1.0577  -3.0958  -4.1014  -3.5552  -1.0412  0.2247   0.9497   -3.7018  0.5963   5.9284   -3.3002  -2.6498  -2.1059  1.7422   2.8625   -0.3230  -5.8858  -5.6893  -1.3013  -9.1835  
P -0.6919  -1.5366  -1.3015  -0.8940  -3.2185  -1.1182  -0.9133  -1.6952  -1.5763  -3.0331  -2.9196  -0.9573  -2.8494  -3.3002  6.8397   -0.2884  -1.0049  -3.1108  -3.0236  -2.2700  -3.0567  -2.9870  -4.9617  -9.3739  
S 0.6807   -0.6854  0.7135   0.0203   -0.2986  -0.1224  -0.3154  -0.1207  -0.5820  -2.6999  -2.7058  -0.2891  -1.6450  -2.6498  -0.2884  3.8054   1.3965   -2.7830  -2.0516  -1.9096  -1.6706  -2.2428  -4.7036  -8.9965  
T -0.0805  -0.7914  0.0484   -0.7390  -0.6746  -0.3164  -0.5593  -1.5503  -0.9576  -1.0765  -1.6372  -0.3800  -0.7168  -2.1059  -1.0049  1.3965   4.3148   -2.5918  -1.8934  -0.2673  -2.3847  -2.4675  -3.4140  -9.0067  
W -2.4061  -1.9957  -3.2211  -4.0707  -1.8838  -2.6506  -3.6090  -3.4029  -1.0114  -1.6245  -0.8271  -3.0585  -0.8764  1.7422   -3.1108  -2.7830  -2.5918  9.9309   2.2148   -1.9021  -5.6861  -5.2181  -3.1009  -9.3500  
Y -2.1051  -1.7750  -1.7031  -3.0128  -1.2357  -1.7960  -2.6709  -3.4313  1.2454   -1.3666  -0.9191  -2.2755  -0.7605  2.8625   -3.0236  -2.0516  -1.8934  2.2148   6.8380   -1.4610  -4.3940  -4.3172  -3.0788  -9.2163  
V -0.1293  -2.5701  -2.9789  -3.7818  -0.1845  -2.2513  -2.7011  -3.2643  -2.5149  2.4982   0.8272   -2.5138  0.4704   -0.3230  -2.2700  -1.9096  -0.2673  -1.9021  -1.4610  3.8800   -5.4200  -4.5272  -0.4289  -9.0739  
B -3.2633  -2.6965  0.4689   0.6996   -4.8804  -1.7353  -0.7709  -2.5469  -1.8372  -6.0340  -5.8541  -1.9846  -4.8511  -5.8858  -3.0567  -1.6706  -2.3847  -5.6861  -4.3940  -5.4200  1.4290   -3.0898  -7.9202  -11.1183 
Z -2.6247  -1.6570  -1.8061  -0.6693  -5.3359  0.0568   0.1627   -3.6013  -1.9644  -5.1871  -4.8528  -1.0568  -3.7626  -5.6893  -2.9870  -2.2428  -2.4675  -5.2181  -4.3172  -4.5272  -3.0898  0.7984   -6.9736  -11.0484 
J -3.2753  -4.7115  -5.3826  -6.3760  -3.0873  -4.3791  -5.3866  -5.9205  -4.5864  -0.1207  -0.2646  -4.8644  -0.3921  -1.3013  -4.9617  -4.7036  -3.4140  -3.1009  -3.0788  -0.4289  -7.9202  -6.9736  0.0608   -11.1887 
X -9.0972  -9.1530  -9.0312  -9.1815  -9.2645  -8.9434  -9.1108  -9.4557  -9.0771  -9.0612  -9.2674  -9.0384  -8.9191  -9.1835  -9.3739  -8.9965  -9.0067  -9.3500  -9.2163  -9.0739  -11.1183 -11.0484 -11.1887 -13.7836 