# Decimal PFASUM11 substitution matrix
# Rounded to 4 decimal digits
# Units = 1/6 Bits
# Entropy H = 0.103575 Bits
# Pfam seed version = 29.0
#
# For further information on the PFASUM substitution model, see 
#
#    PFASUM: A substitution matrix from Pfam structural alignments
#    Frank Keul, Martin Hess, Michael Goesele, Kay Hamacher
#    BMC Bioinformatics, 18(1), 2017
#    http://dx.doi.org/10.1186/s12859-017-1703-z
#
#    Project Website:
#    http://www.cbs.tu-darmstadt.de/PFASUM
#
  A        R        N        D        C        Q        E        G        H        I        L        K        M        F        P        S        T        W        Y        V        B        Z        J        X        
A 1.8984   -3.4674  0.5528   3.6306   0.0727   -3.6411  0.3509   -0.3393  -1.5456  2.2233   1.1440   1.4931   -0.7601  -3.8746  -0.5395  -0.3371  -1.0018  -9.6117  -3.7217  -1.3516  -3.5394  -7.2322  -4.4222  -26.3456 
R -3.4674  4.3257   -2.6161  2.1803   -9.2323  4.2839   1.5280   0.0986   -0.6311  -8.9922  -4.2343  3.6288   -7.6152  -3.0844  0.3770   1.6319   2.5900   1.8486   -0.2111  -0.3726  -5.5348  -3.1159  -11.7813 -26.3377 
N 0.5528   -2.6161  -0.1599  3.9724   -9.7563  3.6482   1.3295   1.2481   3.8024   -8.0373  -3.2215  -3.8919  -1.3910  -0.2754  3.2002   1.8581   2.9136   1.9258   -3.6859  -3.0521  -5.0101  -3.5442  -10.7839 -26.0840 
D 3.6306   2.1803   3.9724   5.8163   -0.2708  2.4152   0.7856   -0.6580  0.5247   -7.0694  -5.5626  1.8029   -5.9755  -7.6140  -0.5581  -0.3283  4.1421   -1.5993  -11.5071 -6.2228  -4.1804  -4.4390  -12.1151 -26.3536 
C 0.0727   -9.2323  -9.7563  -0.2708  0.7656   7.6398   -5.6090  -3.8190  -3.7671  2.4006   -0.8588  -6.6925  -3.9093  0.4799   2.4774   2.2543   0.6857   1.2793   1.5590   2.6467   -9.1299  -3.2124  -5.4484  -25.9994 
Q -3.6411  4.2839   3.6482   2.4152   7.6398   2.5169   2.8189   -1.7665  1.6698   -3.8446  -4.5121  2.1752   -4.4629  -5.4081  -1.4254  3.0199   0.9679   4.4008   -6.2337  -6.9380  -3.0422  -5.4880  -10.2476 -26.1815 
E 0.3509   1.5280   1.3295   0.7856   -5.6090  2.8189   1.2310   1.1750   4.8396   -4.6384  -1.1213  2.0396   -0.0394  -4.4755  1.0819   -0.4257  -0.0716  -5.3877  -5.2023  -1.3558  -4.9804  -6.5156  -8.3191  -26.1925 
G -0.3393  0.0986   1.2481   -0.6580  -3.8190  -1.7665  1.1750   5.2838   -4.4298  -5.3495  -3.3397  1.8990   2.8432   -0.3360  2.0688   2.2615   -0.7025  -6.5665  -4.2833  -1.2042  -5.8009  -6.0338  -10.0633 -26.4358 
H -1.5456  -0.6311  3.8024   0.5247   -3.7671  1.6698   4.8396   -4.4298  7.5961   -3.1789  -3.3189  -2.7663  2.7476   5.2850   -4.9512  -1.3446  0.7253   1.4303   2.5058   -1.6429  -3.9369  -2.4530  -9.2645  -26.1741 
I 2.2233   -8.9922  -8.0373  -7.0694  2.4006   -3.8446  -4.6384  -5.3495  -3.1789  4.0449   3.6896   -3.7965  3.0749   2.0286   -4.3897  -4.1128  -3.9941  4.5010   1.4120   7.1015   -13.4653 -10.2702 -4.0854  -26.4179 
L 1.1440   -4.2343  -3.2215  -5.5626  -0.8588  -4.5121  -1.1213  -3.3397  -3.3189  3.6896   2.4484   -3.8198  0.6404   4.0679   1.2288   -1.7174  -3.3549  2.2188   5.3802   2.2335   -10.4953 -8.4938  -6.0052  -26.5780 
K 1.4931   3.6288   -3.8919  1.8029   -6.6925  2.1752   2.0396   1.8990   -2.7663  -3.7965  -3.8198  4.3967   -2.3531  -7.9225  -1.4854  2.4466   -1.4410  0.7336   2.4055   -4.2104  -6.1686  -3.8988  -9.8108  -26.3499 
M -0.7601  -7.6152  -1.3910  -5.9755  -3.9093  -4.4629  -0.0394  2.8432   2.7476   3.0749   0.6404   -2.3531  4.3936   2.0377   -3.0475  -1.9166  2.3824   -20.9800 4.9509   1.5951   -9.7375  -7.7679  -4.3347  -26.0648 
F -3.8746  -3.0844  -0.2754  -7.6140  0.4799   -5.4081  -4.4755  -0.3360  5.2850   2.0286   4.0679   -7.9225  2.0377   6.7831   -0.8808  -2.8208  -3.3468  6.0879   -3.0877  2.8995   -9.7434  -10.8850 -2.6655  -26.3856 
P -0.5395  0.3770   3.2002   -0.5581  2.4774   -1.4254  1.0819   2.0688   -4.9512  -4.3897  1.2288   -1.4854  -3.0475  -0.8808  7.6059   -0.9875  -4.1223  -3.7806  -1.2194  -3.3436  -4.7681  -5.9635  -6.5398  -26.4505 
S -0.3371  1.6319   1.8581   -0.3283  2.2543   3.0199   -0.4257  2.2615   -1.3446  -4.1128  -1.7174  2.4466   -1.9166  -2.8208  -0.9875  1.6606   1.3069   -6.5078  1.1188   -3.7709  -5.3364  -4.6960  -8.5676  -26.3746 
T -1.0018  2.5900   2.9136   4.1421   0.6857   0.9679   -0.0716  -0.7025  0.7253   -3.9941  -3.3549  -1.4410  2.3824   -3.3468  -4.1223  1.3069   4.7228   -14.4308 2.0775   -2.0993  -2.3559  -5.5858  -9.5967  -26.3836 
W -9.6117  1.8486   1.9258   -1.5993  1.2793   4.4008   -5.3877  -6.5665  1.4303   4.5010   2.2188   0.7336   -20.9800 6.0879   -3.7806  -6.5078  -14.4308 9.8221   -2.0482  3.4696   -5.9322  -5.6105  -2.8253  -26.0642 
Y -3.7217  -0.2111  -3.6859  -11.5071 1.5590   -6.2337  -5.2023  -4.2833  2.5058   1.4120   5.3802   2.4055   4.9509   -3.0877  -1.2194  1.1188   2.0775   -2.0482  -2.2318  -0.4887  -13.3290 -11.6538 -1.9487  -26.0009 
V -1.3516  -0.3726  -3.0521  -6.2228  2.6467   -6.9380  -1.3558  -1.2042  -1.6429  7.1015   2.2335   -4.2104  1.5951   2.8995   -3.3436  -3.7709  -2.0993  3.4696   -0.4887  2.1397   -10.7395 -9.4513  -1.5480  -26.3488 
B -3.5394  -5.5348  -5.0101  -4.1804  -9.1299  -3.0422  -4.9804  -5.8009  -3.9369  -13.4653 -10.4953 -6.1686  -9.7375  -9.7434  -4.7681  -5.3364  -2.3559  -5.9322  -13.3290 -10.7395 -7.6316  -10.0496 -17.5275 -32.2387 
Z -7.2322  -3.1159  -3.5442  -4.4390  -3.2124  -5.4880  -6.5156  -6.0338  -2.4530  -10.2702 -8.4938  -3.8988  -7.7679  -10.8850 -5.9635  -4.6960  -5.5858  -5.6105  -11.6538 -9.4513  -10.0496 -10.1461 -15.1388 -32.1875 
J -4.4222  -11.7813 -10.7839 -12.1151 -5.4484  -10.2476 -8.3191  -10.0633 -9.2645  -4.0854  -6.0052  -9.8108  -4.3347  -2.6655  -6.5398  -8.5676  -9.5967  -2.8253  -1.9487  -1.5480  -17.5275 -15.1388 -8.6347  -32.5157 
X -26.3456 -26.3377 -26.0840 -26.3536 -25.9994 -26.1815 -26.1925 -26.4358 -26.1741 -26.4179 -26.5780 -26.3499 -26.0648 -26.3856 -26.4505 -26.3746 -26.3836 -26.0642 -26.0009 -26.3488 -32.2387 -32.1875 -32.5157 -40.2757 