# Decimal PFASUM20 substitution matrix
# Rounded to 4 decimal digits
# Units = 1/5 Bits
# Entropy H = 0.13496 Bits
# Pfam seed version = 29.0
#
# For further information on the PFASUM substitution model, see 
#
#    PFASUM: A substitution matrix from Pfam structural alignments
#    Frank Keul, Martin Hess, Michael Goesele, Kay Hamacher
#    BMC Bioinformatics, 18(1), 2017
#    http://dx.doi.org/10.1186/s12859-017-1703-z
#
#    Project Website:
#    http://www.cbs.tu-darmstadt.de/PFASUM
#
  A        R        N        D        C        Q        E        G        H        I        L        K        M        F        P        S        T        W        Y        V        B        Z        J        X        
A 3.7435   -1.0313  -0.9441  -1.3427  1.0108   -0.3788  -0.6441  0.6959   -1.6898  -0.5963  -0.5370  -0.9653  -0.0783  -1.3960  -0.7329  0.8406   0.3559   -2.1314  -1.3732  0.2242   -6.1509  -5.5339  -5.5598  -22.1046 
R -1.0313  6.8844   1.1860   0.8093   -2.6357  2.3719   1.8092   -1.4187  1.1835   -3.8749  -3.1624  3.8999   -2.1122  -3.8847  -0.5305  0.0065   -0.2160  -2.0636  -1.4943  -3.1032  -4.0096  -2.9543  -8.4281  -22.0746 
N -0.9441  1.1860   5.6609   3.1795   -2.4971  1.6945   1.7511   0.7083   1.5132   -4.2286  -3.8962  1.7667   -2.6397  -3.6622  -0.1219  1.4738   0.6854   -3.4072  -1.6401  -3.5899  -2.9065  -3.2721  -9.0222  -21.9702 
D -1.3427  0.8093   3.1795   8.0892   -3.6630  1.6557   3.7805   0.0932   0.2737   -5.6506  -5.3541  1.5391   -4.3614  -5.4675  0.4915   1.0791   0.0219   -4.7280  -3.2103  -4.6569  -1.8678  -2.0184  -10.4667 -22.1777 
C 1.0108   -2.6357  -2.4971  -3.6630  15.0711  -3.4640  -3.8538  -1.0229  -0.8036  0.7448   0.6685   -3.7338  0.9878   0.9229   -2.0773  0.0301   -0.3325  -0.5966  -0.2748  1.0816   -8.0865  -8.6911  -4.3021  -21.9345 
Q -0.3788  2.3719   1.6945   1.6557   -3.4640  5.4309   3.1421   -1.1751  1.1822   -3.5909  -2.8578  2.6798   -1.6177  -3.7992  -0.7563  0.6313   0.1515   -3.0266  -1.7905  -3.0919  -3.3259  -2.8520  -8.1310  -21.9057 
E -0.6441  1.8092   1.7511   3.7805   -3.8538  3.1421   6.1804   -1.3039  0.1795   -4.6238  -4.0305  2.9306   -3.1984  -5.1721  -0.2424  0.5804   0.1447   -4.5501  -2.7579  -3.8412  -2.1114  -2.9481  -9.2529  -22.0868 
G 0.6959   -1.4187  0.7083   0.0932   -1.0229  -1.1751  -1.3039  9.3812   -1.3053  -3.9920  -3.8928  -1.1704  -2.4031  -3.1216  -0.3987  0.8835   -0.6514  -2.7236  -2.8842  -3.1493  -4.6086  -6.2507  -8.9308  -22.4721 
H -1.6898  1.1835   1.5132   0.2737   -0.8036  1.1822   0.1795   -1.3053  13.1286  -3.5675  -3.1149  0.4747   -2.1231  -1.6156  -0.2937  -0.1690  -0.7747  -0.7370  1.2386   -3.0124  -4.1119  -4.3915  -8.2856  -22.0737 
I -0.5963  -3.8749  -4.2286  -5.6506  0.7448   -3.5909  -4.6238  -3.9920  -3.5675  5.0807   3.3424   -3.9362  2.3189   2.1466   -3.1500  -2.9201  -1.0554  -0.3836  -0.0903  3.8079   -9.9412  -9.1813  -2.7444  -22.1401 
L -0.5370  -3.1624  -3.8962  -5.3541  0.6685   -2.8578  -4.0305  -3.8928  -3.1149  3.3424   4.5186   -3.6838  2.6896   2.4738   -3.0582  -2.8114  -1.3894  0.4244   0.2491   2.3409   -9.6258  -8.5254  -3.7641  -22.4095 
K -0.9653  3.8999   1.7667   1.5391   -3.7338  2.6798   2.9306   -1.1704  0.4747   -3.9362  -3.6838  5.8352   -2.6880  -4.4974  -0.0227  0.3927   0.0388   -3.4461  -2.2088  -3.4467  -3.3521  -2.1714  -8.7798  -22.0358 
M -0.0783  -2.1122  -2.6397  -4.3614  0.9878   -1.6177  -3.1984  -2.4031  -2.1231  2.3189   2.6896   -2.6880  5.0055   1.9505   -2.6388  -1.5304  -0.3221  0.5413   0.5102   1.7942   -8.4936  -7.5065  -2.4507  -21.7763 
F -1.3960  -3.8847  -3.6622  -5.4675  0.9229   -3.7992  -5.1721  -3.1216  -1.6156  2.1466   2.4738   -4.4974  1.9505   6.8243   -2.6803  -2.5290  -1.5483  3.3171   3.8860   1.2975   -9.5549  -9.5760  -2.6503  -22.1170 
P -0.7329  -0.5305  -0.1219  0.4915   -2.0773  -0.7563  -0.2424  -0.3987  -0.2937  -3.1500  -3.0582  -0.0227  -2.6388  -2.6803  11.2864  0.3359   -0.2540  -2.3100  -2.3793  -2.4448  -4.7930  -5.4492  -8.0933  -22.2864 
S 0.8406   0.0065   1.4738   1.0791   0.0301   0.6313   0.5804   0.8835   -0.1690  -2.9201  -2.8114  0.3927   -1.5304  -2.5290  0.3359   3.6888   1.7640   -2.7430  -1.6717  -2.0262  -3.7310  -4.3986  -7.8530  -22.0442 
T 0.3559   -0.2160  0.6854   0.0219   -0.3325  0.1515   0.1447   -0.6514  -0.7747  -1.0554  -1.3894  0.0388   -0.3221  -1.5483  -0.2540  1.7640   3.3842   -2.1326  -1.0155  -0.1779  -4.6558  -4.8525  -6.2592  -21.9205 
W -2.1314  -2.0636  -3.4072  -4.7280  -0.5966  -3.0266  -4.5501  -2.7236  -0.7370  -0.3836  0.4244   -3.4461  0.5413   3.3171   -2.3100  -2.7430  -2.1326  16.6698  4.3294   -0.8045  -9.0714  -8.8847  -4.8757  -22.1799 
Y -1.3732  -1.4943  -1.6401  -3.2103  -0.2748  -1.7905  -2.7579  -2.8842  1.2386   -0.0903  0.2491   -2.2088  0.5102   3.8860   -2.3793  -1.6717  -1.0155  4.3294   8.0737   -0.0733  -7.4229  -7.3446  -4.8795  -22.0702 
V 0.2242   -3.1032  -3.5899  -4.6569  1.0816   -3.0919  -3.8412  -3.1493  -3.0124  3.8079   2.3409   -3.4467  1.7942   1.2975   -2.4448  -2.0262  -0.1779  -0.8045  -0.0733  4.5018   -9.1311  -8.5238  -2.0592  -22.0894 
B -6.1509  -4.0096  -2.9065  -1.8678  -8.0865  -3.3259  -2.1114  -4.6086  -4.1119  -9.9412  -9.6258  -3.3521  -8.4936  -9.5549  -4.7930  -3.7310  -4.6558  -9.0714  -7.4229  -9.1311  -2.8817  -7.5860  -14.7455 -27.0790 
Z -5.5339  -2.9543  -3.2721  -2.0184  -8.6911  -2.8520  -2.9481  -6.2507  -4.3915  -9.1813  -8.5254  -2.1714  -7.5065  -9.5760  -5.4492  -4.3986  -4.8525  -8.8847  -7.3446  -8.5238  -7.5860  -3.8310  -13.7706 -27.0122 
J -5.5598  -8.4281  -9.0222  -10.4667 -4.3021  -8.1310  -9.2529  -8.9308  -8.2856  -2.7444  -3.7641  -8.7798  -2.4507  -2.6503  -8.0933  -7.8530  -6.2592  -4.8757  -4.8795  -2.0592  -14.7455 -13.7706 -4.9442  -27.3050 
X -22.1046 -22.0746 -21.9702 -22.1777 -21.9345 -21.9057 -22.0868 -22.4721 -22.0737 -22.1401 -22.4095 -22.0358 -21.7763 -22.1170 -22.2864 -22.0442 -21.9205 -22.1799 -22.0702 -22.0894 -27.0790 -27.0122 -27.3050 -33.7382 