# Decimal PFASUM47 substitution matrix
# Rounded to 4 decimal digits
# Units = 1/3 Bits
# Entropy H = 0.371217 Bits
# Pfam seed version = 29.0
#
# For further information on the PFASUM substitution model, see 
#
#    PFASUM: A substitution matrix from Pfam structural alignments
#    Frank Keul, Martin Hess, Michael Goesele, Kay Hamacher
#    BMC Bioinformatics, 18(1), 2017
#    http://dx.doi.org/10.1186/s12859-017-1703-z
#
#    Project Website:
#    http://www.cbs.tu-darmstadt.de/PFASUM
#
  A        R        N        D        C        Q        E        G        H        I        L        K        M        F        P        S        T        W        Y        V        B        Z        J        X        
A 3.9722   -1.0853  -1.2657  -1.3549  0.4258   -0.5121  -0.6257  0.2097   -1.5897  -1.0467  -1.0910  -0.9912  -0.4941  -1.8379  -0.5692  0.7976   0.0503   -2.4057  -2.0571  0.0914   -4.3160  -3.5823  -4.0743  -13.4458 
R -1.0853  6.1585   0.1029   -0.5621  -3.1148  1.6067   0.5717   -1.8396  0.7846   -3.3871  -2.9353  2.8831   -1.9102  -3.6388  -1.2399  -0.3605  -0.4949  -2.0689  -1.6971  -2.8295  -3.2611  -2.0069  -6.0995  -13.4742 
N -1.2657  0.1029   6.2468   2.2864   -2.4903  0.8366   0.5962   0.2053   1.0734   -4.0288  -3.9740  0.9054   -2.5324  -3.6703  -0.9965  1.1251   0.3448   -3.6498  -1.7932  -3.4991  -0.2708  -2.3113  -6.9945  -13.3596 
D -1.3549  -0.5621  2.2864   6.6581   -4.2133  0.7113   2.5539   -0.5015  -0.1574  -5.2927  -5.0057  0.2961   -3.8231  -5.1688  -0.4791  0.4540   -0.4585  -4.6077  -3.3328  -4.4019  0.1158   -1.0550  -8.1113  -13.5439 
C 0.4258   -3.1148  -2.4903  -4.2133  13.4163  -3.2743  -4.1673  -2.0804  -1.8155  -0.6769  -0.8634  -3.7029  -0.5200  -0.7479  -3.4767  -0.3974  -0.7924  -1.8333  -1.0883  0.1059   -6.3810  -6.8073  -3.7924  -13.6404 
Q -0.5121  1.6067   0.8366   0.7113   -3.2743  5.3639   2.1180   -1.5077  1.0604   -3.2014  -2.6855  1.8510   -1.1055  -3.5389  -0.9674  0.2331   -0.0074  -2.9402  -1.8285  -2.6124  -2.2339  -0.7873  -5.8722  -13.2511 
E -0.6257  0.5717   0.5962   2.5539   -4.1673  2.1180   5.4115   -1.5611  -0.1994  -4.0547  -3.9035  1.5089   -2.7085  -4.6698  -0.6394  0.0697   -0.2601  -4.0601  -2.8221  -3.1868  -1.1892  -0.6972  -6.9597  -13.4506 
G 0.2097   -1.8396  0.2053   -0.5015  -2.0804  -1.5077  -1.5611  7.5179   -1.7207  -4.5128  -4.2417  -1.5097  -3.1234  -3.8174  -1.3150  0.2262   -1.3792  -3.6536  -3.5596  -3.5630  -3.1808  -4.5408  -7.3416  -13.8687 
H -1.5897  0.7846   1.0734   -0.1574  -1.8155  1.0604   -0.1994  -1.7207  9.5842   -3.2663  -2.7735  0.1708   -1.7870  -1.2232  -1.4296  -0.3878  -0.8345  -0.8994  1.6018   -2.7707  -2.5803  -2.6785  -5.9521  -13.4054 
I -1.0467  -3.3871  -4.0288  -5.2927  -0.6769  -3.2014  -4.0547  -4.5128  -3.2663  4.9661   2.5186   -3.4336  1.8238   0.9980   -3.3265  -2.9741  -1.2083  -1.3909  -1.0062  3.3270   -7.6989  -6.7117  -0.6808  -13.4282 
L -1.0910  -2.9353  -3.9740  -5.0057  -0.8634  -2.6855  -3.9035  -4.2417  -2.7735  2.5186   4.5709   -3.3628  2.4908   1.7099   -3.2365  -3.0336  -1.7844  -0.4495  -0.6085  1.5018   -7.5279  -6.4014  -1.0484  -13.6884 
K -0.9912  2.8831   0.9054   0.2961   -3.7029  1.8510   1.5089   -1.5097  0.1708   -3.4336  -3.3628  5.3746   -2.0968  -4.2033  -0.6899  0.0667   -0.1132  -3.4598  -2.3232  -2.9582  -2.4291  -1.3584  -6.3893  -13.3726 
M -0.4941  -1.9102  -2.5324  -3.8231  -0.5200  -1.1055  -2.7085  -3.1234  -1.7870  1.8238   2.4908   -2.0968  6.7658   1.2551   -2.9443  -1.6702  -0.6983  -0.4980  -0.3187  0.9706   -6.2157  -5.0302  -0.7479  -13.1886 
F -1.8379  -3.6388  -3.6703  -5.1688  -0.7479  -3.5389  -4.6698  -3.8174  -1.2232  0.9980   1.7099   -4.2033  1.2551   7.2065   -3.4567  -2.9038  -2.1723  2.6158   3.7420   0.2694   -7.4547  -7.2063  -1.5440  -13.5181 
P -0.5692  -1.2399  -0.9965  -0.4791  -3.4767  -0.9674  -0.6394  -1.3150  -1.4296  -3.3265  -3.2365  -0.6899  -2.9443  -3.4567  9.0158   -0.0205  -0.7810  -3.2063  -3.1410  -2.4332  -3.6959  -3.7606  -6.2701  -13.7297 
S 0.7976   -0.3605  1.1251   0.4540   -0.3974  0.2331   0.0697   0.2262   -0.3878  -2.9741  -3.0336  0.0667   -1.6702  -2.9038  -0.0205  4.0451   1.8008   -3.0123  -2.0735  -2.0948  -2.2422  -2.8677  -6.0111  -13.3363 
T 0.0503   -0.4949  0.3448   -0.4585  -0.7924  -0.0074  -0.2601  -1.3792  -0.8345  -1.2083  -1.7844  -0.1132  -0.6983  -2.1723  -0.7810  1.8008   4.6632   -2.7240  -1.7873  -0.2595  -3.0918  -3.1627  -4.5589  -13.3228 
W -2.4057  -2.0689  -3.6498  -4.6077  -1.8333  -2.9402  -4.0601  -3.6536  -0.8994  -1.3909  -0.4495  -3.4598  -0.4980  2.6158   -3.2063  -3.0123  -2.7240  13.4478  3.2822   -1.7417  -7.1661  -6.6015  -3.7796  -13.7052 
Y -2.0571  -1.6971  -1.7932  -3.3328  -1.0883  -1.8285  -2.8221  -3.5596  1.6018   -1.0062  -0.6085  -2.3232  -0.3187  3.7420   -3.1410  -2.0735  -1.7873  3.2822   8.5229   -1.1383  -5.5973  -5.4187  -3.7536  -13.5481 
V 0.0914   -2.8295  -3.4991  -4.4019  0.1059   -2.6124  -3.1868  -3.5630  -2.7707  3.3270   1.5018   -2.9582  0.9706   0.2694   -2.4332  -2.0948  -0.2595  -1.7417  -1.1383  4.5402   -6.9871  -5.9603  -0.7198  -13.4323 
B -4.3160  -3.2611  -0.2708  0.1158   -6.3810  -2.2339  -1.1892  -3.1808  -2.5803  -7.6989  -7.5279  -2.4291  -6.2157  -7.4547  -3.6959  -2.2422  -3.0918  -7.1661  -5.5973  -6.9871  0.5863   -4.5556  -10.5914 -16.4636 
Z -3.5823  -2.0069  -2.3113  -1.0550  -6.8073  -0.7873  -0.6972  -4.5408  -2.6785  -6.7117  -6.4014  -1.3584  -5.0302  -7.2063  -3.7606  -2.8677  -3.1627  -6.6015  -5.4187  -5.9603  -4.5556  -0.3530  -9.5153  -16.3745 
J -4.0743  -6.0995  -6.9945  -8.1113  -3.7924  -5.8722  -6.9597  -7.3416  -5.9521  -0.6808  -1.0484  -6.3893  -0.7479  -1.5440  -6.2701  -6.0111  -4.5589  -3.7796  -3.7536  -0.7198  -10.5914 -9.5153  -1.0607  -16.5893 
X -13.4458 -13.4742 -13.3596 -13.5439 -13.6404 -13.2511 -13.4506 -13.8687 -13.4054 -13.4282 -13.6884 -13.3726 -13.1886 -13.5181 -13.7297 -13.3363 -13.3228 -13.7052 -13.5481 -13.4323 -16.4636 -16.3745 -16.5893 -20.4578 