# Decimal PFASUM94 substitution matrix
# Rounded to 4 decimal digits
# Units = 1/2 Bits
# Entropy H = 0.731607 Bits
# Pfam seed version = 29.0
#
# For further information on the PFASUM substitution model, see 
#
#    PFASUM: A substitution matrix from Pfam structural alignments
#    Frank Keul, Martin Hess, Michael Goesele, Kay Hamacher
#    BMC Bioinformatics, 18(1), 2017
#    http://dx.doi.org/10.1186/s12859-017-1703-z
#
#    Project Website:
#    http://www.cbs.tu-darmstadt.de/PFASUM
#
  A        R        N        D        C        Q        E        G        H        I        L        K        M        F        P        S        T        W        Y        V        B        Z        J        X        
A 3.7584   -1.4159  -1.3180  -1.4455  0.1189   -0.7372  -0.7225  -0.1445  -1.7087  -1.3758  -1.5030  -1.0632  -0.9501  -2.1410  -0.7921  0.6931   -0.1236  -2.6533  -2.3217  -0.2011  -3.3920  -2.7278  -3.4545  -9.1400  
R -1.4159  5.3430   -0.4179  -1.2791  -2.9026  0.8871   -0.2991  -2.2051  0.2378   -3.2032  -2.7379  2.2035   -1.9899  -3.5478  -1.7823  -0.8598  -0.9723  -2.1564  -1.9824  -2.7883  -2.8905  -1.8064  -4.9043  -9.2088  
N -1.3180  -0.4179  5.7268   1.4826   -2.2302  0.2748   -0.0622  -0.3421  0.8330   -3.6174  -3.5280  0.2419   -2.3852  -3.4078  -1.5128  0.6796   -0.0264  -3.4325  -1.8487  -3.1491  0.6290   -1.9342  -5.5613  -9.0743  
D -1.4455  -1.2791  1.4826   5.5390   -3.8591  0.0492   1.8619   -0.9713  -0.5713  -4.8273  -4.5073  -0.4455  -3.6450  -4.7473  -1.1066  -0.1129  -0.9039  -4.3124  -3.2212  -4.0105  0.8541   -0.6786  -6.6235  -9.2286  
C 0.1189   -2.9026  -2.2302  -3.8591  9.7748   -3.0340  -4.0286  -2.1643  -1.9834  -1.1889  -1.3401  -3.5423  -1.0453  -1.2609  -3.4836  -0.3274  -0.7464  -2.0484  -1.4016  -0.2821  -5.0701  -5.6235  -3.2823  -9.3219  
Q -0.7372  0.8871   0.2748   0.0492   -3.0340  5.2300   1.4004   -1.7936  0.8129   -2.9103  -2.2736  1.1774   -0.9616  -3.2886  -1.2469  -0.2486  -0.4455  -2.8260  -1.9680  -2.4017  -1.8551  0.2106   -4.4970  -8.9864  
E -0.7225  -0.2991  -0.0622  1.8619   -4.0286  1.4004   4.7479   -1.7886  -0.6982  -3.7105  -3.5209  0.6165   -2.6261  -4.3746  -1.0958  -0.4746  -0.7234  -3.8583  -2.8990  -2.8641  -0.7883  0.3240   -5.5908  -9.1609  
G -0.1445  -2.2051  -0.3421  -0.9713  -2.1643  -1.7936  -1.7886  5.8302   -1.9814  -4.3729  -4.0938  -1.7746  -3.2728  -3.8268  -1.9445  -0.2068  -1.7320  -3.6485  -3.7263  -3.4987  -2.6936  -3.7905  -6.1956  -9.5120  
H -1.7087  0.2378   0.8330   -0.5713  -1.9834  0.8129   -0.6982  -1.9814  7.6193   -3.1016  -2.5594  -0.2493  -1.9716  -1.1069  -1.7309  -0.7029  -1.1078  -1.1287  1.2593   -2.7176  -1.9046  -2.0496  -4.7516  -9.1234  
I -1.3758  -3.2032  -3.6174  -4.8273  -1.1889  -2.9103  -3.7105  -4.3729  -3.1016  4.4368   1.6498   -3.1823  1.2187   0.0843   -3.2692  -2.9064  -1.1627  -1.8245  -1.5705  2.5464   -6.2631  -5.3912  -0.0284  -9.0976  
L -1.5030  -2.7379  -3.5280  -4.5073  -1.3401  -2.2736  -3.5209  -4.0938  -2.5594  1.6498   3.9761   -2.9654  1.8263   0.8741   -3.1100  -2.8851  -1.7661  -1.0056  -1.0684  0.7517   -6.0603  -4.9996  -0.1423  -9.3084  
K -1.0632  2.2035   0.2419   -0.4455  -3.5423  1.1774   0.6165   -1.7746  -0.2493  -3.1823  -2.9654  4.8467   -1.9647  -3.9724  -1.1620  -0.4469  -0.5143  -3.2632  -2.5045  -2.6859  -2.1404  -1.1652  -5.0451  -9.0885  
M -0.9501  -1.9899  -2.3852  -3.6450  -1.0453  -0.9616  -2.6261  -3.2728  -1.9716  1.2187   1.8263   -1.9647  6.4259   0.4923   -3.0891  -1.8192  -0.7926  -1.0640  -0.9441  0.4065   -5.0548  -3.9007  -0.3875  -8.9641  
F -2.1410  -3.5478  -3.4078  -4.7473  -1.2609  -3.2886  -4.3746  -3.8268  -1.1069  0.0843   0.8741   -3.9724  0.4923   6.1977   -3.5655  -2.8383  -2.2910  1.7181   2.9270   -0.4859  -6.1152  -5.9281  -1.3982  -9.2346  
P -0.7921  -1.7823  -1.5128  -1.1066  -3.4836  -1.2469  -1.0958  -1.9445  -1.7309  -3.2692  -3.1100  -1.1620  -3.0891  -3.5655  7.0125   -0.3777  -1.1494  -3.3999  -3.2805  -2.4477  -3.2681  -3.1503  -5.1689  -9.4356  
S 0.6931   -0.8598  0.6796   -0.1129  -0.3274  -0.2486  -0.4746  -0.2068  -0.7029  -2.9064  -2.8851  -0.4469  -1.8192  -2.8383  -0.3777  4.1064   1.4037   -2.9843  -2.2507  -2.0666  -1.7576  -2.3898  -4.8931  -9.0360  
T -0.1236  -0.9723  -0.0264  -0.9039  -0.7464  -0.4455  -0.7234  -1.7320  -1.1078  -1.1627  -1.7661  -0.5143  -0.7926  -2.2910  -1.1494  1.4037   4.6211   -2.8094  -2.0982  -0.3065  -2.5073  -2.6185  -3.5241  -9.0495  
W -2.6533  -2.1564  -3.4325  -4.3124  -2.0484  -2.8260  -3.8583  -3.6485  -1.1287  -1.8245  -1.0056  -3.2632  -1.0640  1.7181   -3.3999  -2.9843  -2.8094  10.1688  2.1941   -2.1379  -5.9146  -5.4363  -3.2871  -9.4082  
Y -2.3217  -1.9824  -1.8487  -3.2212  -1.4016  -1.9680  -2.8990  -3.7263  1.2593   -1.5705  -1.0684  -2.5045  -0.9441  2.9270   -3.2805  -2.2507  -2.0982  2.1941   7.0949   -1.6737  -4.5715  -4.5224  -3.2472  -9.2686  
V -0.2011  -2.7883  -3.1491  -4.0105  -0.2821  -2.4017  -2.8641  -3.4987  -2.7176  2.5464   0.7517   -2.6859  0.4065   -0.4859  -2.4477  -2.0666  -0.3065  -2.1379  -1.6737  4.1154   -5.6217  -4.6860  -0.4374  -9.1137  
B -3.3920  -2.8905  0.6290   0.8541   -5.0701  -1.8551  -0.7883  -2.6936  -1.9046  -6.2631  -6.0603  -2.1404  -5.0548  -6.1152  -3.2681  -1.7576  -2.5073  -5.9146  -4.5715  -5.6217  1.6861   -3.1349  -8.1350  -11.1640 
Z -2.7278  -1.8064  -1.9342  -0.6786  -5.6235  0.2106   0.3240   -3.7905  -2.0496  -5.3912  -4.9996  -1.1652  -3.9007  -5.9281  -3.1503  -2.3898  -2.6185  -5.4363  -4.5224  -4.6860  -3.1349  1.0759   -7.1407  -11.0962 
J -3.4545  -4.9043  -5.5613  -6.6235  -3.2823  -4.4970  -5.5908  -6.1956  -4.7516  -0.0284  -0.1423  -5.0451  -0.3875  -1.3982  -5.1689  -4.8931  -3.5241  -3.2871  -3.2472  -0.4374  -8.1350  -7.1407  0.2781   -11.2276 
X -9.1400  -9.2088  -9.0743  -9.2286  -9.3219  -8.9864  -9.1609  -9.5120  -9.1234  -9.0976  -9.3084  -9.0885  -8.9641  -9.2346  -9.4356  -9.0360  -9.0495  -9.4082  -9.2686  -9.1137  -11.1640 -11.0962 -11.2276 -13.8299 