# Decimal PFASUM88 substitution matrix
# Rounded to 4 decimal digits
# Units = 1/2 Bits
# Entropy H = 0.731233 Bits
# Pfam seed version = 29.0
#
# For further information on the PFASUM substitution model, see 
#
#    PFASUM: A substitution matrix from Pfam structural alignments
#    Frank Keul, Martin Hess, Michael Goesele, Kay Hamacher
#    BMC Bioinformatics, 18(1), 2017
#    http://dx.doi.org/10.1186/s12859-017-1703-z
#
#    Project Website:
#    http://www.cbs.tu-darmstadt.de/PFASUM
#
  A        R        N        D        C        Q        E        G        H        I        L        K        M        F        P        S        T        W        Y        V        B        Z        J        X        
A 3.7570   -1.4146  -1.3179  -1.4448  0.1207   -0.7365  -0.7215  -0.1449  -1.7086  -1.3758  -1.5025  -1.0622  -0.9497  -2.1406  -0.7922  0.6943   -0.1241  -2.6527  -2.3210  -0.2013  -3.3915  -2.7270  -3.4542  -9.1400  
R -1.4146  5.3417   -0.4167  -1.2774  -2.9038  0.8886   -0.2967  -2.2055  0.2381   -3.2025  -2.7370  2.2043   -1.9892  -3.5472  -1.7810  -0.8580  -0.9707  -2.1562  -1.9812  -2.7874  -2.8890  -1.8044  -4.9034  -9.2084  
N -1.3179  -0.4167  5.7256   1.4839   -2.2297  0.2761   -0.0610  -0.3422  0.8336   -3.6178  -3.5282  0.2432   -2.3854  -3.4076  -1.5122  0.6805   -0.0258  -3.4324  -1.8480  -3.1495  0.6288   -1.9329  -5.5616  -9.0741  
D -1.4448  -1.2774  1.4839   5.5380   -3.8589  0.0511   1.8616   -0.9711  -0.5696  -4.8278  -4.5073  -0.4434  -3.6448  -4.7475  -1.1046  -0.1108  -0.9025  -4.3115  -3.2209  -4.0109  0.8536   -0.6783  -6.6238  -9.2284  
C 0.1207   -2.9038  -2.2297  -3.8589  9.7744   -3.0340  -4.0277  -2.1642  -1.9831  -1.1884  -1.3390  -3.5413  -1.0441  -1.2608  -3.4852  -0.3262  -0.7455  -2.0486  -1.4038  -0.2809  -5.0696  -5.6230  -3.2814  -9.3217  
Q -0.7365  0.8886   0.2761   0.0511   -3.0340  5.2274   1.4024   -1.7933  0.8119   -2.9099  -2.2734  1.1794   -0.9605  -3.2877  -1.2477  -0.2469  -0.4444  -2.8245  -1.9668  -2.4014  -1.8535  0.2102   -4.4967  -8.9860  
E -0.7215  -0.2967  -0.0610  1.8616   -4.0277  1.4024   4.7466   -1.7890  -0.6969  -3.7104  -3.5207  0.6188   -2.6258  -4.3743  -1.0942  -0.4727  -0.7218  -3.8573  -2.8976  -2.8639  -0.7882  0.3236   -5.5906  -9.1605  
G -0.1449  -2.2055  -0.3422  -0.9711  -2.1642  -1.7933  -1.7890  5.8299   -1.9810  -4.3741  -4.0945  -1.7741  -3.2738  -3.8271  -1.9446  -0.2067  -1.7326  -3.6488  -3.7268  -3.5008  -2.6936  -3.7906  -6.1966  -9.5121  
H -1.7086  0.2381   0.8336   -0.5696  -1.9831  0.8119   -0.6969  -1.9810  7.6187   -3.1012  -2.5593  -0.2480  -1.9706  -1.1054  -1.7322  -0.7021  -1.1070  -1.1272  1.2594   -2.7175  -1.9035  -2.0495  -4.7515  -9.1232  
I -1.3758  -3.2025  -3.6178  -4.8278  -1.1884  -2.9099  -3.7104  -4.3741  -3.1012  4.4348   1.6502   -3.1814  1.2186   0.0846   -3.2686  -2.9060  -1.1626  -1.8240  -1.5698  2.5464   -6.2635  -5.3909  -0.0291  -9.0974  
L -1.5025  -2.7370  -3.5282  -4.5073  -1.3390  -2.2734  -3.5207  -4.0945  -2.5593  1.6502   3.9748   -2.9642  1.8268   0.8745   -3.1103  -2.8847  -1.7657  -1.0046  -1.0677  0.7521   -6.0605  -4.9994  -0.1431  -9.3081  
K -1.0622  2.2043   0.2432   -0.4434  -3.5413  1.1794   0.6188   -1.7741  -0.2480  -3.1814  -2.9642  4.8444   -1.9638  -3.9711  -1.1599  -0.4448  -0.5129  -3.2628  -2.5027  -2.6850  -2.1387  -1.1631  -5.0440  -9.0880  
M -0.9497  -1.9892  -2.3854  -3.6448  -1.0441  -0.9605  -2.6258  -3.2738  -1.9706  1.2186   1.8268   -1.9638  6.4236   0.4936   -3.0896  -1.8180  -0.7924  -1.0629  -0.9426  0.4064   -5.0548  -3.9001  -0.3872  -8.9638  
F -2.1406  -3.5472  -3.4076  -4.7475  -1.2608  -3.2877  -4.3743  -3.8271  -1.1054  0.0846   0.8745   -3.9711  0.4936   6.1960   -3.5644  -2.8377  -2.2900  1.7197   2.9274   -0.4858  -6.1151  -5.9276  -1.3979  -9.2343  
P -0.7922  -1.7810  -1.5122  -1.1046  -3.4852  -1.2477  -1.0942  -1.9446  -1.7322  -3.2686  -3.1103  -1.1599  -3.0896  -3.5644  7.0135   -0.3780  -1.1496  -3.3977  -3.2796  -2.4473  -3.2666  -3.1495  -5.1689  -9.4355  
S 0.6943   -0.8580  0.6805   -0.1108  -0.3262  -0.2469  -0.4727  -0.2067  -0.7021  -2.9060  -2.8847  -0.4448  -1.8180  -2.8377  -0.3780  4.1047   1.4051   -2.9831  -2.2491  -2.0663  -1.7561  -2.3879  -4.8927  -9.0355  
T -0.1241  -0.9707  -0.0258  -0.9025  -0.7455  -0.4444  -0.7218  -1.7326  -1.1070  -1.1626  -1.7657  -0.5129  -0.7924  -2.2900  -1.1496  1.4051   4.6195   -2.8081  -2.0970  -0.3061  -2.5062  -2.6171  -3.5237  -9.0493  
W -2.6527  -2.1562  -3.4324  -4.3115  -2.0486  -2.8245  -3.8573  -3.6488  -1.1272  -1.8240  -1.0046  -3.2628  -1.0629  1.7197   -3.3977  -2.9831  -2.8081  10.1669  2.1954   -2.1368  -5.9141  -5.4351  -3.2863  -9.4079  
Y -2.3210  -1.9812  -1.8480  -3.2209  -1.4038  -1.9668  -2.8976  -3.7268  1.2594   -1.5698  -1.0677  -2.5027  -0.9426  2.9274   -3.2796  -2.2491  -2.0970  2.1954   7.0930   -1.6732  -4.5710  -4.5211  -3.2465  -9.2683  
V -0.2013  -2.7874  -3.1495  -4.0109  -0.2809  -2.4014  -2.8639  -3.5008  -2.7175  2.5464   0.7521   -2.6850  0.4064   -0.4858  -2.4473  -2.0663  -0.3061  -2.1368  -1.6732  4.1139   -5.6221  -4.6858  -0.4371  -9.1135  
B -3.3915  -2.8890  0.6288   0.8536   -5.0696  -1.8535  -0.7882  -2.6936  -1.9035  -6.2635  -6.0605  -2.1387  -5.0548  -6.1151  -3.2666  -1.7561  -2.5062  -5.9141  -4.5710  -5.6221  1.6850   -3.1344  -8.1352  -11.1638 
Z -2.7270  -1.8044  -1.9329  -0.6783  -5.6230  0.2102   0.3236   -3.7906  -2.0495  -5.3909  -4.9994  -1.1631  -3.9001  -5.9276  -3.1495  -2.3879  -2.6171  -5.4351  -4.5211  -4.6858  -3.1344  1.0743   -7.1405  -11.0958 
J -3.4542  -4.9034  -5.5616  -6.6238  -3.2814  -4.4967  -5.5906  -6.1966  -4.7515  -0.0291  -0.1431  -5.0440  -0.3872  -1.3979  -5.1689  -4.8927  -3.5237  -3.2863  -3.2465  -0.4371  -8.1352  -7.1405  0.2765   -11.2274 
X -9.1400  -9.2084  -9.0741  -9.2284  -9.3217  -8.9860  -9.1605  -9.5121  -9.1232  -9.0974  -9.3081  -9.0880  -8.9638  -9.2343  -9.4355  -9.0355  -9.0493  -9.4079  -9.2683  -9.1135  -11.1638 -11.0958 -11.2274 -13.8296 