# Decimal PFASUM37 substitution matrix
# Rounded to 4 decimal digits
# Units = 1/4 Bits
# Entropy H = 0.280556 Bits
# Pfam seed version = 29.0
#
# For further information on the PFASUM substitution model, see 
#
#    PFASUM: A substitution matrix from Pfam structural alignments
#    Frank Keul, Martin Hess, Michael Goesele, Kay Hamacher
#    BMC Bioinformatics, 18(1), 2017
#    http://dx.doi.org/10.1186/s12859-017-1703-z
#
#    Project Website:
#    http://www.cbs.tu-darmstadt.de/PFASUM
#
  A        R        N        D        C        Q        E        G        H        I        L        K        M        F        P        S        T        W        Y        V        B        Z        J        X        
A 4.5512   -1.1620  -1.4443  -1.5513  0.6619   -0.5581  -0.7244  0.4086   -1.8255  -1.0452  -1.0326  -1.1723  -0.3605  -1.8889  -0.6350  0.9172   0.1081   -2.5789  -2.2037  0.2110   -5.5037  -4.6604  -5.0374  -17.8386 
R -1.1620  7.3719   0.3509   -0.3033  -3.5281  2.1177   1.0149   -1.9450  1.0719   -4.0015  -3.4381  3.5597   -2.2419  -4.1754  -1.1533  -0.2850  -0.4311  -2.2835  -1.8693  -3.2891  -4.0050  -2.5396  -7.6446  -17.8564 
N -1.4443  0.3509   7.3111   2.9137   -2.9258  1.1941   0.9848   0.4453   1.2803   -4.7244  -4.6656  1.3570   -2.9367  -4.2487  -0.9212  1.4332   0.5274   -4.1783  -1.9794  -4.1130  -0.9073  -2.9345  -8.6877  -17.7344 
D -1.5513  -0.3033  2.9137   8.1296   -4.8113  1.1418   3.2786   -0.3959  -0.0440  -6.2002  -5.8893  0.7108   -4.5078  -6.0290  -0.2376  0.7115   -0.3509  -5.3167  -3.7906  -5.1604  -0.3764  -1.4457  -10.0048 -17.9506 
C 0.6619   -3.5281  -2.9258  -4.8113  16.7981  -3.7125  -4.7430  -2.1779  -1.9873  -0.3580  -0.5890  -4.2432  -0.1965  -0.4744  -3.8422  -0.3702  -0.7743  -1.8861  -1.0103  0.4727   -7.9014  -8.3283  -4.5006  -17.9927 
Q -0.5581  2.1177   1.1941   1.1418   -3.7125  6.1234   2.7436   -1.6201  1.2720   -3.7804  -3.2020  2.3800   -1.3654  -4.1178  -0.9509  0.4118   0.1227   -3.2603  -2.0098  -3.0894  -2.8350  -1.4850  -7.4138  -17.6017 
E -0.7244  1.0149   0.9848   3.2786   -4.7430  2.7436   6.5111   -1.6992  -0.0579  -4.8423  -4.6175  2.1152   -3.2394  -5.4746  -0.5681  0.2434   -0.1434  -4.7440  -3.1908  -3.8421  -1.6251  -1.3992  -8.7014  -17.8447 
G 0.4086   -1.9450  0.4453   -0.3959  -2.1779  -1.6201  -1.6992  9.3002   -1.8817  -5.0495  -4.7441  -1.6126  -3.3958  -4.1765  -1.2112  0.4753   -1.3596  -3.9834  -3.8744  -3.9296  -4.0089  -5.6689  -8.8576  -18.3151 
H -1.8255  1.0719   1.2803   -0.0440  -1.9873  1.2720   -0.0579  -1.8817  12.0156  -3.8387  -3.2759  0.2986   -2.0438  -1.5610  -1.3920  -0.4155  -0.8965  -0.9175  1.8501   -3.2346  -3.4209  -3.5142  -7.4822  -17.7972 
I -1.0452  -4.0015  -4.7244  -6.2002  -0.3580  -3.7804  -4.8423  -5.0495  -3.8387  5.8238   3.2263   -4.0965  2.3111   1.5830   -3.7871  -3.3812  -1.3728  -1.2711  -0.8554  4.0431   -9.5010  -8.4142  -1.2645  -17.8310 
L -1.0326  -3.4381  -4.6656  -5.8893  -0.5890  -3.2020  -4.6175  -4.7441  -3.2759  3.2263   5.3687   -4.0444  3.0501   2.3207   -3.6802  -3.4481  -1.9851  -0.1993  -0.4537  2.0377   -9.3163  -8.0363  -1.8574  -18.1362 
K -1.1723  3.5597   1.3570   0.7108   -4.2432  2.3800   2.1152   -1.6126  0.2986   -4.0965  -4.0444  6.4230   -2.5894  -4.9145  -0.6025  0.2152   -0.0242  -3.9416  -2.5997  -3.5533  -2.9946  -1.7824  -8.0640  -17.7588 
M -0.3605  -2.2419  -2.9367  -4.5078  -0.1965  -1.3654  -3.2394  -3.3958  -2.0438  2.3111   3.0501   -2.5894  7.3643   1.7370   -3.2700  -1.8406  -0.7424  -0.2534  -0.0590  1.3750   -7.7603  -6.4518  -1.2182  -17.5100 
F -1.8889  -4.1754  -4.2487  -6.0290  -0.4744  -4.1178  -5.4746  -4.1765  -1.5610  1.5830   2.3207   -4.9145  1.7370   8.3218   -3.8317  -3.2278  -2.3318  3.3946   4.4785   0.7012   -9.1739  -8.9192  -1.9471  -17.8902 
P -0.6350  -1.1533  -0.9212  -0.2376  -3.8422  -0.9509  -0.5681  -1.2112  -1.3920  -3.7871  -3.6802  -0.6025  -3.2700  -3.8317  11.1402  0.1348   -0.7403  -3.4474  -3.4426  -2.7449  -4.5297  -4.7110  -7.7204  -18.1388 
S 0.9172   -0.2850  1.4332   0.7115   -0.3702  0.4118   0.2434   0.4753   -0.4155  -3.3812  -3.4481  0.2152   -1.8406  -3.2278  0.1348   4.5808   2.1224   -3.3586  -2.2621  -2.3831  -2.9584  -3.6918  -7.4227  -17.7219 
T 0.1081   -0.4311  0.5274   -0.3509  -0.7743  0.1227   -0.1434  -1.3596  -0.8965  -1.3728  -1.9851  -0.0242  -0.7424  -2.3318  -0.7403  2.1224   5.1933   -2.9806  -1.8631  -0.2880  -3.9461  -4.0405  -5.7460  -17.6833 
W -2.5789  -2.2835  -4.1783  -5.3167  -1.8861  -3.2603  -4.7440  -3.9834  -0.9175  -1.2711  -0.1993  -3.9416  -0.2534  3.3946   -3.4474  -3.3586  -2.9806  16.6522  4.2538   -1.6944  -8.7857  -8.1327  -4.5813  -18.0774 
Y -2.2037  -1.8693  -1.9794  -3.7906  -1.0103  -2.0098  -3.1908  -3.8744  1.8501   -0.8554  -0.4537  -2.5997  -0.0590  4.4785   -3.4426  -2.2621  -1.8631  4.2538   10.0808  -1.0065  -6.9195  -6.7117  -4.6022  -17.9200 
V 0.2110   -3.2891  -4.1130  -5.1604  0.4727   -3.0894  -3.8421  -3.9296  -3.2346  4.0431   2.0377   -3.5533  1.3750   0.7012   -2.7449  -2.3831  -0.2880  -1.6944  -1.0065  5.2598   -8.6739  -7.5435  -1.1206  -17.8219 
B -5.5037  -4.0050  -0.9073  -0.3764  -7.9014  -2.8350  -1.6251  -4.0089  -3.4209  -9.5010  -9.3163  -2.9946  -7.7603  -9.1739  -4.5297  -2.9584  -3.9461  -8.7857  -6.9195  -8.6739  -0.0950  -6.0569  -13.3854 -21.8550 
Z -4.6604  -2.5396  -2.9345  -1.4457  -8.3283  -1.4850  -1.3992  -5.6689  -3.5142  -8.4142  -8.0363  -1.7824  -6.4518  -8.9192  -4.7110  -3.6918  -4.0405  -8.1327  -6.7117  -7.5435  -6.0569  -1.2758  -12.1762 -21.7517 
J -5.0374  -7.6446  -8.6877  -10.0048 -4.5006  -7.4138  -8.7014  -8.8576  -7.4822  -1.2645  -1.8574  -8.0640  -1.2182  -1.9471  -7.7204  -7.4227  -5.7460  -4.5813  -4.6022  -1.1206  -13.3854 -12.1762 -2.1709  -22.0197 
X -17.8386 -17.8564 -17.7344 -17.9506 -17.9927 -17.6017 -17.8447 -18.3151 -17.7972 -17.8310 -18.1362 -17.7588 -17.5100 -17.8902 -18.1388 -17.7219 -17.6833 -18.0774 -17.9200 -17.8219 -21.8550 -21.7517 -22.0197 -27.1740 