# Decimal PFASUM21 substitution matrix
# Rounded to 4 decimal digits
# Units = 1/5 Bits
# Entropy H = 0.141791 Bits
# Pfam seed version = 29.0
#
# For further information on the PFASUM substitution model, see 
#
#    PFASUM: A substitution matrix from Pfam structural alignments
#    Frank Keul, Martin Hess, Michael Goesele, Kay Hamacher
#    BMC Bioinformatics, 18(1), 2017
#    http://dx.doi.org/10.1186/s12859-017-1703-z
#
#    Project Website:
#    http://www.cbs.tu-darmstadt.de/PFASUM
#
  A        R        N        D        C        Q        E        G        H        I        L        K        M        F        P        S        T        W        Y        V        B        Z        J        X        
A 3.7864   -1.0380  -1.0361  -1.3835  0.8595   -0.3421  -0.6610  0.6955   -1.7874  -0.6158  -0.5467  -1.0158  -0.0091  -1.4004  -0.7327  0.8758   0.3520   -2.1029  -1.4725  0.2341   -6.2178  -5.5290  -5.5730  -22.1126 
R -1.0380  7.1410   1.1114   0.7087   -2.7813  2.3412   1.7643   -1.5170  1.1632   -3.8507  -3.2156  3.9574   -2.1556  -3.9771  -0.5221  -0.0151  -0.2875  -2.1312  -1.5119  -3.1146  -4.0988  -2.9945  -8.4515  -22.0953 
N -1.0361  1.1114   5.9864   3.1888   -2.4466  1.7360   1.7722   0.6613   1.4637   -4.2542  -3.9997  1.8005   -2.6965  -3.7068  -0.2216  1.4363   0.7199   -3.4778  -1.6292  -3.6254  -2.7655  -3.2425  -9.0957  -21.9819 
D -1.3835  0.7087   3.1888   8.3293   -3.9160  1.7233   3.8642   -0.0317  0.2075   -5.6852  -5.4377  1.5291   -4.3871  -5.5668  0.3808   1.0329   -0.0151  -4.8275  -3.2518  -4.7291  -1.7365  -1.9353  -10.5312 -22.1972 
C 0.8595   -2.7813  -2.4466  -3.9160  15.6426  -3.6191  -4.0307  -1.1226  -0.9267  0.7320   0.5899   -3.9010  0.9185   0.8564   -2.2617  0.0686   -0.4531  -0.8352  -0.1815  1.1695   -8.1865  -8.8597  -4.3555  -21.9668 
Q -0.3421  2.3412   1.7360   1.7233   -3.6191  5.5687   3.1939   -1.3049  1.1251   -3.5484  -2.9175  2.7082   -1.6083  -3.8659  -0.8414  0.6172   0.2044   -3.1793  -1.7477  -3.0945  -3.2707  -2.7662  -8.1519  -21.9066 
E -0.6610  1.7643   1.7722   3.8642   -4.0307  3.1939   6.3471   -1.4104  0.2416   -4.6696  -4.1207  2.9483   -3.1904  -5.2382  -0.2302  0.5449   0.1154   -4.6398  -2.7982  -3.8567  -2.0462  -2.8406  -9.3253  -22.0952 
G 0.6955   -1.5170  0.6613   -0.0317  -1.1226  -1.3049  -1.4104  9.5050   -1.5403  -4.1061  -3.9674  -1.2896  -2.4719  -3.2497  -0.5083  0.9340   -0.6963  -2.8432  -3.0398  -3.1724  -4.6970  -6.3671  -9.0200  -22.5066 
H -1.7874  1.1632   1.4637   0.2075   -0.9267  1.1251   0.2416   -1.5403  13.6740  -3.6387  -3.2201  0.4175   -2.2158  -1.8070  -0.4908  -0.3230  -0.8588  -0.7789  1.2337   -3.1061  -4.1735  -4.3843  -8.3770  -22.1167 
I -0.6158  -3.8507  -4.2542  -5.6852  0.7320   -3.5484  -4.6696  -4.1061  -3.6387  5.1349   3.3620   -3.9163  2.3077   2.1279   -3.1516  -2.9358  -1.0599  -0.4369  -0.2047  3.8695   -9.9757  -9.1904  -2.7064  -22.1376 
L -0.5467  -3.2156  -3.9997  -5.4377  0.5899   -2.9175  -4.1207  -3.9674  -3.2201  3.3620   4.6368   -3.7572  2.7454   2.4942   -3.0734  -2.8838  -1.4728  0.4059   0.1832   2.3441   -9.7246  -8.6048  -3.7074  -22.4234 
K -1.0158  3.9574   1.8005   1.5291   -3.9010  2.7082   2.9483   -1.2896  0.4175   -3.9163  -3.7572  6.0477   -2.7532  -4.5608  -0.0941  0.3487   0.0759   -3.6371  -2.2448  -3.4141  -3.3418  -2.1488  -8.8175  -22.0435 
M -0.0091  -2.1556  -2.6965  -4.3871  0.9185   -1.6083  -3.1904  -2.4719  -2.2158  2.3077   2.7454   -2.7532  5.2370   1.9235   -2.7305  -1.5021  -0.3521  0.5182   0.3995   1.7658   -8.5414  -7.5017  -2.4185  -21.7810 
F -1.4004  -3.9771  -3.7068  -5.5668  0.8564   -3.8659  -5.2382  -3.2497  -1.8070  2.1279   2.4942   -4.5608  1.9235   6.9926   -2.7654  -2.5437  -1.6201  3.3183   3.9638   1.2603   -9.6308  -9.6458  -2.6434  -22.1303 
P -0.7327  -0.5221  -0.2216  0.3808   -2.2617  -0.8414  -0.2302  -0.5083  -0.4908  -3.1516  -3.0734  -0.0941  -2.7305  -2.7654  11.4072  0.2753   -0.2834  -2.2701  -2.4714  -2.3661  -4.8967  -5.4736  -8.1032  -22.3087 
S 0.8758   -0.0151  1.4363   1.0329   0.0686   0.6172   0.5449   0.9340   -0.3230  -2.9358  -2.8838  0.3487   -1.5021  -2.5437  0.2753   3.7989   1.8581   -2.8758  -1.7183  -2.0369  -3.7743  -4.4255  -7.9036  -22.0475 
T 0.3520   -0.2875  0.7199   -0.0151  -0.4531  0.2044   0.1154   -0.6963  -0.8588  -1.0599  -1.4728  0.0759   -0.3521  -1.6201  -0.2834  1.8581   3.6315   -2.2907  -1.1509  -0.2171  -4.6595  -4.8481  -6.3124  -21.9326 
W -2.1029  -2.1312  -3.4778  -4.8275  -0.8352  -3.1793  -4.6398  -2.8432  -0.7789  -0.4369  0.4059   -3.6371  0.5182   3.3183   -2.2701  -2.8758  -2.2907  16.8563  4.4049   -0.7752  -9.1603  -9.0071  -4.9043  -22.1996 
Y -1.4725  -1.5119  -1.6292  -3.2518  -0.1815  -1.7477  -2.7982  -3.0398  1.2337   -0.2047  0.1832   -2.2448  0.3995   3.9638   -2.4714  -1.7183  -1.1509  4.4049   8.4497   -0.2005  -7.4419  -7.3504  -4.9624  -22.0922 
V 0.2341   -3.1146  -3.6254  -4.7291  1.1695   -3.0945  -3.8567  -3.1724  -3.1061  3.8695   2.3441   -3.4141  1.7658   1.2603   -2.3661  -2.0369  -0.2171  -0.7752  -0.2005  4.5315   -9.1881  -8.5356  -2.0351  -22.0938 
B -6.2178  -4.0988  -2.7655  -1.7365  -8.1865  -3.2707  -2.0462  -4.6970  -4.1735  -9.9757  -9.7246  -3.3418  -8.5414  -9.6308  -4.8967  -3.7743  -4.6595  -9.1603  -7.4419  -9.1881  -2.5902  -7.5216  -14.8194 -27.0954 
Z -5.5290  -2.9945  -3.2425  -1.9353  -8.8597  -2.7662  -2.8406  -6.3671  -4.3843  -9.1904  -8.6048  -2.1488  -7.5017  -9.6458  -5.4736  -4.4255  -4.8481  -9.0071  -7.3504  -8.5356  -7.5216  -3.6576  -13.8227 -27.0181 
J -5.5730  -8.4515  -9.0957  -10.5312 -4.3555  -8.1519  -9.3253  -9.0200  -8.3770  -2.7064  -3.7074  -8.8175  -2.4185  -2.6434  -8.1032  -7.9036  -6.3124  -4.9043  -4.9624  -2.0351  -14.8194 -13.8227 -4.8293  -27.3135 
X -22.1126 -22.0953 -21.9819 -22.1972 -21.9668 -21.9066 -22.0952 -22.5066 -22.1167 -22.1376 -22.4234 -22.0435 -21.7810 -22.1303 -22.3087 -22.0475 -21.9326 -22.1996 -22.0922 -22.0938 -27.0954 -27.0181 -27.3135 -33.7517 