# Decimal PFASUM83 substitution matrix
# Rounded to 4 decimal digits
# Units = 1/2 Bits
# Entropy H = 0.730586 Bits
# Pfam seed version = 29.0
#
# For further information on the PFASUM substitution model, see 
#
#    PFASUM: A substitution matrix from Pfam structural alignments
#    Frank Keul, Martin Hess, Michael Goesele, Kay Hamacher
#    BMC Bioinformatics, 18(1), 2017
#    http://dx.doi.org/10.1186/s12859-017-1703-z
#
#    Project Website:
#    http://www.cbs.tu-darmstadt.de/PFASUM
#
  A        R        N        D        C        Q        E        G        H        I        L        K        M        F        P        S        T        W        Y        V        B        Z        J        X        
A 3.7546   -1.4113  -1.3189  -1.4433  0.1244   -0.7350  -0.7190  -0.1470  -1.7079  -1.3768  -1.5012  -1.0600  -0.9494  -2.1398  -0.7933  0.6958   -0.1263  -2.6497  -2.3194  -0.2019  -3.3911  -2.7248  -3.4537  -9.1399  
R -1.4113  5.3391   -0.4137  -1.2726  -2.9044  0.8921   -0.2904  -2.2071  0.2401   -3.2006  -2.7346  2.2050   -1.9882  -3.5448  -1.7781  -0.8537  -0.9672  -2.1530  -1.9775  -2.7855  -2.8851  -1.7995  -4.9013  -9.2076  
N -1.3189  -0.4137  5.7238   1.4873   -2.2283  0.2790   -0.0579  -0.3421  0.8347   -3.6204  -3.5291  0.2467   -2.3859  -3.4077  -1.5125  0.6816   -0.0253  -3.4322  -1.8477  -3.1530  0.6290   -1.9299  -5.5631  -9.0739  
D -1.4433  -1.2726  1.4873   5.5360   -3.8554  0.0560   1.8595   -0.9712  -0.5665  -4.8304  -4.5094  -0.4383  -3.6447  -4.7475  -1.1003  -0.1063  -0.8990  -4.3102  -3.2209  -4.0139  0.8531   -0.6787  -6.6261  -9.2280  
C 0.1244   -2.9044  -2.2283  -3.8554  9.7753   -3.0339  -4.0251  -2.1651  -1.9856  -1.1887  -1.3374  -3.5372  -1.0416  -1.2599  -3.4886  -0.3246  -0.7441  -2.0511  -1.4066  -0.2788  -5.0673  -5.6216  -3.2805  -9.3211  
Q -0.7350  0.8921   0.2790   0.0560   -3.0339  5.2222   1.4072   -1.7932  0.8095   -2.9097  -2.2731  1.1840   -0.9583  -3.2851  -1.2502  -0.2435  -0.4422  -2.8194  -1.9635  -2.4009  -1.8494  0.2097   -4.4965  -8.9851  
E -0.7190  -0.2904  -0.0579  1.8595   -4.0251  1.4072   4.7434   -1.7906  -0.6933  -3.7097  -3.5198  0.6246   -2.6248  -4.3728  -1.0894  -0.4678  -0.7176  -3.8544  -2.8949  -2.8634  -0.7889  0.3226   -5.5899  -9.1596  
G -0.1470  -2.2071  -0.3421  -0.9712  -2.1651  -1.7932  -1.7906  5.8297   -1.9806  -4.3795  -4.0968  -1.7735  -3.2774  -3.8291  -1.9458  -0.2076  -1.7357  -3.6495  -3.7287  -3.5069  -2.6936  -3.7915  -6.2000  -9.5128  
H -1.7079  0.2401   0.8347   -0.5665  -1.9856  0.8095   -0.6933  -1.9806  7.6187   -3.1019  -2.5595  -0.2442  -1.9675  -1.1038  -1.7364  -0.7004  -1.1060  -1.1241  1.2584   -2.7172  -1.9015  -2.0489  -4.7519  -9.1230  
I -1.3768  -3.2006  -3.6204  -4.8304  -1.1887  -2.9097  -3.7097  -4.3795  -3.1019  4.4308   1.6505   -3.1798  1.2177   0.0843   -3.2681  -2.9058  -1.1631  -1.8229  -1.5690  2.5458   -6.2662  -5.3905  -0.0305  -9.0973  
L -1.5012  -2.7346  -3.5291  -4.5094  -1.3374  -2.2731  -3.5198  -4.0968  -2.5595  1.6505   3.9719   -2.9617  1.8275   0.8757   -3.1111  -2.8847  -1.7653  -1.0007  -1.0658  0.7525   -6.0620  -4.9989  -0.1449  -9.3077  
K -1.0600  2.2050   0.2467   -0.4383  -3.5372  1.1840   0.6246   -1.7735  -0.2442  -3.1798  -2.9617  4.8401   -1.9627  -3.9679  -1.1555  -0.4396  -0.5096  -3.2605  -2.4982  -2.6836  -2.1343  -1.1578  -5.0419  -9.0869  
M -0.9494  -1.9882  -2.3859  -3.6447  -1.0416  -0.9583  -2.6248  -3.2774  -1.9675  1.2177   1.8275   -1.9627  6.4212   0.4955   -3.0917  -1.8158  -0.7928  -1.0605  -0.9390  0.4049   -5.0550  -3.8986  -0.3872  -8.9634  
F -2.1398  -3.5448  -3.4077  -4.7475  -1.2599  -3.2851  -4.3728  -3.8291  -1.1038  0.0843   0.8757   -3.9679  0.4955   6.1929   -3.5607  -2.8355  -2.2889  1.7224   2.9274   -0.4857  -6.1152  -5.9256  -1.3973  -9.2337  
P -0.7933  -1.7781  -1.5125  -1.1003  -3.4886  -1.2502  -1.0894  -1.9458  -1.7364  -3.2681  -3.1111  -1.1555  -3.0917  -3.5607  7.0164   -0.3789  -1.1507  -3.3937  -3.2773  -2.4477  -3.2641  -3.1472  -5.1692  -9.4354  
S 0.6958   -0.8537  0.6816   -0.1063  -0.3246  -0.2435  -0.4678  -0.2076  -0.7004  -2.9058  -2.8847  -0.4396  -1.8158  -2.8355  -0.3789  4.1029   1.4078   -2.9789  -2.2452  -2.0668  -1.7532  -2.3836  -4.8926  -9.0345  
T -0.1263  -0.9672  -0.0253  -0.8990  -0.7441  -0.4422  -0.7176  -1.7357  -1.1060  -1.1631  -1.7653  -0.5096  -0.7928  -2.2889  -1.1507  1.4078   4.6177   -2.8071  -2.0948  -0.3058  -2.5043  -2.6137  -3.5236  -9.0490  
W -2.6497  -2.1530  -3.4322  -4.3102  -2.0511  -2.8194  -3.8544  -3.6495  -1.1241  -1.8229  -1.0007  -3.2605  -1.0605  1.7224   -3.3937  -2.9789  -2.8071  10.1633  2.1985   -2.1347  -5.9133  -5.4312  -3.2834  -9.4068  
Y -2.3194  -1.9775  -1.8477  -3.2209  -1.4066  -1.9635  -2.8949  -3.7287  1.2584   -1.5690  -1.0658  -2.4982  -0.9390  2.9274   -3.2773  -2.2452  -2.0948  2.1985   7.0895   -1.6716  -4.5709  -4.5181  -3.2451  -9.2678  
V -0.2019  -2.7855  -3.1530  -4.0139  -0.2788  -2.4009  -2.8634  -3.5069  -2.7172  2.5458   0.7525   -2.6836  0.4049   -0.4857  -2.4477  -2.0668  -0.3058  -2.1347  -1.6716  4.1108   -5.6254  -4.6854  -0.4369  -9.1133  
B -3.3911  -2.8851  0.6290   0.8531   -5.0673  -1.8494  -0.7889  -2.6936  -1.9015  -6.2662  -6.0620  -2.1343  -5.0550  -6.1152  -3.2641  -1.7532  -2.5043  -5.9133  -4.5709  -5.6254  1.6831   -3.1336  -8.1372  -11.1635 
Z -2.7248  -1.7995  -1.9299  -0.6787  -5.6216  0.2097   0.3226   -3.7915  -2.0489  -5.3905  -4.9989  -1.1578  -3.8986  -5.9256  -3.1472  -2.3836  -2.6137  -5.4312  -4.5181  -4.6854  -3.1336  1.0706   -7.1401  -11.0950 
J -3.4537  -4.9013  -5.5631  -6.6261  -3.2805  -4.4965  -5.5899  -6.2000  -4.7519  -0.0305  -0.1449  -5.0419  -0.3872  -1.3973  -5.1692  -4.8926  -3.5236  -3.2834  -3.2451  -0.4369  -8.1372  -7.1401  0.2729   -11.2270 
X -9.1399  -9.2076  -9.0739  -9.2280  -9.3211  -8.9851  -9.1596  -9.5128  -9.1230  -9.0973  -9.3077  -9.0869  -8.9634  -9.2337  -9.4354  -9.0345  -9.0490  -9.4068  -9.2678  -9.1133  -11.1635 -11.0950 -11.2270 -13.8292 