# Decimal PFASUM82 substitution matrix
# Rounded to 4 decimal digits
# Units = 1/2 Bits
# Entropy H = 0.730032 Bits
# Pfam seed version = 29.0
#
# For further information on the PFASUM substitution model, see 
#
#    PFASUM: A substitution matrix from Pfam structural alignments
#    Frank Keul, Martin Hess, Michael Goesele, Kay Hamacher
#    BMC Bioinformatics, 18(1), 2017
#    http://dx.doi.org/10.1186/s12859-017-1703-z
#
#    Project Website:
#    http://www.cbs.tu-darmstadt.de/PFASUM
#
  A        R        N        D        C        Q        E        G        H        I        L        K        M        F        P        S        T        W        Y        V        B        Z        J        X        
A 3.7528   -1.4093  -1.3191  -1.4424  0.1263   -0.7341  -0.7175  -0.1475  -1.7071  -1.3765  -1.5001  -1.0586  -0.9489  -2.1387  -0.7934  0.6964   -0.1270  -2.6475  -2.3185  -0.2020  -3.3906  -2.7236  -3.4530  -9.1398  
R -1.4093  5.3372   -0.4121  -1.2697  -2.9040  0.8938   -0.2869  -2.2068  0.2411   -3.1990  -2.7331  2.2049   -1.9869  -3.5429  -1.7758  -0.8515  -0.9651  -2.1509  -1.9751  -2.7842  -2.8828  -1.7969  -4.8998  -9.2071  
N -1.3191  -0.4121  5.7221   1.4887   -2.2270  0.2808   -0.0560  -0.3414  0.8347   -3.6212  -3.5291  0.2487   -2.3855  -3.4073  -1.5119  0.6821   -0.0249  -3.4304  -1.8470  -3.1541  0.6285   -1.9281  -5.5634  -9.0736  
D -1.4424  -1.2697  1.4887   5.5346   -3.8541  0.0582   1.8585   -0.9706  -0.5650  -4.8305  -4.5092  -0.4359  -3.6438  -4.7464  -1.0982  -0.1042  -0.8973  -4.3098  -3.2207  -4.0144  0.8524   -0.6789  -6.6260  -9.2277  
C 0.1263   -2.9040  -2.2270  -3.8541  9.7752   -3.0331  -4.0228  -2.1650  -1.9862  -1.1879  -1.3360  -3.5353  -1.0406  -1.2582  -3.4890  -0.3245  -0.7434  -2.0505  -1.4067  -0.2776  -5.0661  -5.6200  -3.2794  -9.3207  
Q -0.7341  0.8938   0.2808   0.0582   -3.0331  5.2190   1.4092   -1.7926  0.8084   -2.9090  -2.2728  1.1861   -0.9570  -3.2834  -1.2508  -0.2417  -0.4410  -2.8171  -1.9617  -2.4002  -1.8474  0.2090   -4.4961  -8.9847  
E -0.7175  -0.2869  -0.0560  1.8585   -4.0228  1.4092   4.7411   -1.7907  -0.6913  -3.7087  -3.5185  0.6275   -2.6237  -4.3710  -1.0869  -0.4651  -0.7151  -3.8518  -2.8931  -2.8629  -0.7891  0.3214   -5.5886  -9.1591  
G -0.1475  -2.2068  -0.3414  -0.9706  -2.1650  -1.7926  -1.7907  5.8292   -1.9799  -4.3805  -4.0970  -1.7726  -3.2776  -3.8285  -1.9456  -0.2078  -1.7360  -3.6482  -3.7285  -3.5085  -2.6929  -3.7914  -6.2005  -9.5129  
H -1.7071  0.2411   0.8347   -0.5650  -1.9862  0.8084   -0.6913  -1.9799  7.6182   -3.1017  -2.5590  -0.2423  -1.9661  -1.1036  -1.7370  -0.6998  -1.1054  -1.1227  1.2577   -2.7164  -1.9008  -2.0485  -4.7515  -9.1228  
I -1.3765  -3.1990  -3.6212  -4.8305  -1.1879  -2.9090  -3.7087  -4.3805  -3.1017  4.4284   1.6507   -3.1783  1.2172   0.0848   -3.2671  -2.9054  -1.1632  -1.8213  -1.5682  2.5454   -6.2666  -5.3896  -0.0314  -9.0971  
L -1.5001  -2.7331  -3.5291  -4.5092  -1.3360  -2.2728  -3.5185  -4.0970  -2.5590  1.6507   3.9701   -2.9599  1.8276   0.8766   -3.1107  -2.8839  -1.7650  -0.9980  -1.0647  0.7529   -6.0618  -4.9980  -0.1461  -9.3073  
K -1.0586  2.2049   0.2487   -0.4359  -3.5353  1.1861   0.6275   -1.7726  -0.2423  -3.1783  -2.9599  4.8372   -1.9619  -3.9651  -1.1534  -0.4370  -0.5080  -3.2588  -2.4955  -2.6826  -2.1321  -1.1552  -5.0402  -9.0863  
M -0.9489  -1.9869  -2.3855  -3.6438  -1.0406  -0.9570  -2.6237  -3.2776  -1.9661  1.2172   1.8276   -1.9619  6.4195   0.4965   -3.0917  -1.8142  -0.7929  -1.0584  -0.9375  0.4041   -5.0544  -3.8974  -0.3873  -8.9631  
F -2.1387  -3.5429  -3.4073  -4.7464  -1.2582  -3.2834  -4.3710  -3.8285  -1.1036  0.0848   0.8766   -3.9651  0.4965   6.1911   -3.5587  -2.8342  -2.2881  1.7237   2.9272   -0.4849  -6.1145  -5.9239  -1.3966  -9.2333  
P -0.7934  -1.7758  -1.5119  -1.0982  -3.4890  -1.2508  -1.0869  -1.9456  -1.7370  -3.2671  -3.1107  -1.1534  -3.0917  -3.5587  7.0171   -0.3789  -1.1506  -3.3909  -3.2752  -2.4474  -3.2626  -3.1458  -5.1686  -9.4351  
S 0.6964   -0.8515  0.6821   -0.1042  -0.3245  -0.2417  -0.4651  -0.2078  -0.6998  -2.9054  -2.8839  -0.4370  -1.8142  -2.8342  -0.3789  4.1016   1.4090   -2.9767  -2.2436  -2.0666  -1.7519  -2.3813  -4.8920  -9.0340  
T -0.1270  -0.9651  -0.0249  -0.8973  -0.7434  -0.4410  -0.7151  -1.7360  -1.1054  -1.1632  -1.7650  -0.5080  -0.7929  -2.2881  -1.1506  1.4090   4.6162   -2.8063  -2.0931  -0.3059  -2.5032  -2.6117  -3.5235  -9.0488  
W -2.6475  -2.1509  -3.4304  -4.3098  -2.0505  -2.8171  -3.8518  -3.6482  -1.1227  -1.8213  -0.9980  -3.2588  -1.0584  1.7237   -3.3909  -2.9767  -2.8063  10.1613  2.2002   -2.1327  -5.9123  -5.4287  -3.2811  -9.4062  
Y -2.3185  -1.9751  -1.8470  -3.2207  -1.4067  -1.9617  -2.8931  -3.7285  1.2577   -1.5682  -1.0647  -2.4955  -0.9375  2.9272   -3.2752  -2.2436  -2.0931  2.2002   7.0876   -1.6705  -4.5704  -4.5164  -3.2441  -9.2674  
V -0.2020  -2.7842  -3.1541  -4.0144  -0.2776  -2.4002  -2.8629  -3.5085  -2.7164  2.5454   0.7529   -2.6826  0.4041   -0.4849  -2.4474  -2.0666  -0.3059  -2.1327  -1.6705  4.1089   -5.6262  -4.6848  -0.4368  -9.1132  
B -3.3906  -2.8828  0.6285   0.8524   -5.0661  -1.8474  -0.7891  -2.6929  -1.9008  -6.2666  -6.0618  -2.1321  -5.0544  -6.1145  -3.2626  -1.7519  -2.5032  -5.9123  -4.5704  -5.6262  1.6816   -3.1332  -8.1373  -11.1632 
Z -2.7236  -1.7969  -1.9281  -0.6789  -5.6200  0.2090   0.3214   -3.7914  -2.0485  -5.3896  -4.9980  -1.1552  -3.8974  -5.9239  -3.1458  -2.3813  -2.6117  -5.4287  -4.5164  -4.6848  -3.1332  1.0681   -7.1393  -11.0944 
J -3.4530  -4.8998  -5.5634  -6.6260  -3.2794  -4.4961  -5.5886  -6.2005  -4.7515  -0.0314  -0.1461  -5.0402  -0.3873  -1.3966  -5.1686  -4.8920  -3.5235  -3.2811  -3.2441  -0.4368  -8.1373  -7.1393  0.2707   -11.2268 
X -9.1398  -9.2071  -9.0736  -9.2277  -9.3207  -8.9847  -9.1591  -9.5129  -9.1228  -9.0971  -9.3073  -9.0863  -8.9631  -9.2333  -9.4351  -9.0340  -9.0488  -9.4062  -9.2674  -9.1132  -11.1632 -11.0944 -11.2268 -13.8289 