# Decimal PFASUM33 substitution matrix
# Rounded to 4 decimal digits
# Units = 1/4 Bits
# Entropy H = 0.246643 Bits
# Pfam seed version = 29.0
#
# For further information on the PFASUM substitution model, see 
#
#    PFASUM: A substitution matrix from Pfam structural alignments
#    Frank Keul, Martin Hess, Michael Goesele, Kay Hamacher
#    BMC Bioinformatics, 18(1), 2017
#    http://dx.doi.org/10.1186/s12859-017-1703-z
#
#    Project Website:
#    http://www.cbs.tu-darmstadt.de/PFASUM
#
  A        R        N        D        C        Q        E        G        H        I        L        K        M        F        P        S        T        W        Y        V        B        Z        J        X        
A 4.2318   -1.0550  -1.3470  -1.4692  0.6693   -0.5042  -0.6906  0.4432   -1.7341  -0.9060  -0.8706  -1.1046  -0.2599  -1.6560  -0.6048  0.8553   0.1254   -2.3246  -1.9864  0.2357   -5.4145  -4.6185  -4.8840  -17.8048 
R -1.0550  7.0505   0.4221   -0.1315  -3.2526  2.0742   1.1013   -1.7763  1.0554   -3.7975  -3.2380  3.4309   -2.1092  -3.8898  -0.9793  -0.2407  -0.3782  -2.0891  -1.7128  -3.0940  -3.8784  -2.5063  -7.4435  -17.8173 
N -1.3470  0.4221   6.8871   2.8428   -2.7203  1.2105   1.0452   0.4892   1.1718   -4.4495  -4.3879  1.3894   -2.7614  -3.9818  -0.7615  1.3945   0.5507   -3.8621  -1.8325  -3.8532  -1.1374  -2.8909  -8.4112  -17.7052 
D -1.4692  -0.1315  2.8428   7.8312   -4.4556  1.2016   3.2188   -0.3275  -0.0140  -5.8385  -5.5622  0.8290   -4.2730  -5.6556  -0.1170  0.7193   -0.2741  -4.9751  -3.5215  -4.8503  -0.5881  -1.4733  -9.6653  -17.9123 
C 0.6693   -3.2526  -2.7203  -4.4556  16.2738  -3.4304  -4.4382  -1.9028  -1.8344  -0.1567  -0.3844  -3.9573  -0.0341  -0.2796  -3.4978  -0.3322  -0.7017  -1.7077  -0.8526  0.5869   -7.6180  -8.0310  -4.2971  -17.9158 
Q -0.5042  2.0742   1.2105   1.2016   -3.4304  5.7108   2.6974   -1.4553  1.1984   -3.5784  -3.0356  2.3282   -1.3443  -3.8543  -0.8077  0.4394   0.1677   -3.0147  -1.8406  -2.9115  -2.7944  -1.6610  -7.2351  -17.5775 
E -0.6906  1.1013   1.0452   3.2188   -4.4382  2.6974   6.2367   -1.5499  -0.0232  -4.5843  -4.3643  2.1557   -3.0891  -5.1459  -0.4635  0.2763   -0.0931  -4.4524  -2.9557  -3.6470  -1.6498  -1.5824  -8.4466  -17.8096 
G 0.4432   -1.7763  0.4892   -0.3275  -1.9028  -1.4553  -1.5499  8.9439   -1.7353  -4.6457  -4.3583  -1.4609  -3.0805  -3.7849  -1.0334  0.5376   -1.1612  -3.5523  -3.5316  -3.5808  -3.9495  -5.5135  -8.4655  -18.2431 
H -1.7341  1.0554   1.1718   -0.0140  -1.8344  1.1984   -0.0232  -1.7353  11.8144  -3.6343  -3.1185  0.2961   -1.9889  -1.5793  -1.2157  -0.4249  -0.8581  -0.8268  1.6731   -3.0333  -3.4557  -3.5241  -7.3084  -17.7803 
I -0.9060  -3.7975  -4.4495  -5.8385  -0.1567  -3.5784  -4.5843  -4.6457  -3.6343  5.4833   3.1447   -3.8804  2.2592   1.6575   -3.4894  -3.1294  -1.2668  -1.0516  -0.6759  3.8579   -9.1784  -8.1779  -1.4295  -17.8020 
L -0.8706  -3.2380  -4.3879  -5.5622  -0.3844  -3.0356  -4.3643  -4.3583  -3.1185  3.1447   5.0501   -3.8482  2.8945   2.3062   -3.3912  -3.1956  -1.8053  -0.0640  -0.3104  2.0312   -9.0096  -7.8185  -2.0652  -18.0904 
K -1.1046  3.4309   1.3894   0.8290   -3.9573  2.3282   2.1557   -1.4609  0.2961   -3.8804  -3.8482  6.1181   -2.5060  -4.6043  -0.4809  0.2381   0.0242   -3.6831  -2.4062  -3.3587  -2.9147  -1.7776  -7.8604  -17.7308 
M -0.2599  -2.1092  -2.7614  -4.2730  -0.0341  -1.3443  -3.0891  -3.0805  -1.9889  2.2592   2.8945   -2.5060  6.6976   1.7382   -3.0300  -1.6838  -0.6665  -0.1048  0.0559   1.4044   -7.5507  -6.3570  -1.3379  -17.4863 
F -1.6560  -3.8898  -3.9818  -5.6556  -0.2796  -3.8543  -5.1459  -3.7849  -1.5793  1.6575   2.3062   -4.6043  1.7382   7.7263   -3.4705  -2.9636  -2.0868  3.2881   4.2053   0.8224   -8.8499  -8.6163  -1.9309  -17.8390 
P -0.6048  -0.9793  -0.7615  -0.1170  -3.4978  -0.8077  -0.4635  -1.0334  -1.2157  -3.4894  -3.3912  -0.4809  -3.0300  -3.4705  10.7103  0.1773   -0.6195  -3.1106  -3.1364  -2.5361  -4.3951  -4.5930  -7.4282  -18.0720 
S 0.8553   -0.2407  1.3945   0.7193   -0.3322  0.4394   0.2763   0.5376   -0.4249  -3.1294  -3.1956  0.2381   -1.6838  -2.9636  0.1773   4.2719   1.9882   -3.0703  -2.0765  -2.2020  -2.9702  -3.6606  -7.1704  -17.7021 
T 0.1254   -0.3782  0.5507   -0.2741  -0.7017  0.1677   -0.0931  -1.1612  -0.8581  -1.2668  -1.8053  0.0242   -0.6665  -2.0868  -0.6195  1.9882   4.7533   -2.6979  -1.6476  -0.2714  -3.8922  -3.9918  -5.5954  -17.6531 
W -2.3246  -2.0891  -3.8621  -4.9751  -1.7077  -3.0147  -4.4524  -3.5523  -0.8268  -1.0516  -0.0640  -3.6831  -0.1048  3.2881   -3.1106  -3.0703  -2.6979  16.0016  4.1612   -1.4253  -8.4529  -7.8585  -4.4184  -17.9979 
Y -1.9864  -1.7128  -1.8325  -3.5215  -0.8526  -1.8406  -2.9557  -3.5316  1.6731   -0.6759  -0.3104  -2.4062  0.0559   4.2053   -3.1364  -2.0765  -1.6476  4.1612   9.4937   -0.7957  -6.7079  -6.5026  -4.4461  -17.8643 
V 0.2357   -3.0940  -3.8532  -4.8503  0.5869   -2.9115  -3.6470  -3.5808  -3.0333  3.8579   2.0312   -3.3587  1.4044   0.8224   -2.5361  -2.2020  -0.2714  -1.4253  -0.7957  4.9010   -8.3849  -7.3540  -1.2077  -17.7846 
B -5.4145  -3.8784  -1.1374  -0.5881  -7.6180  -2.7944  -1.6498  -3.9495  -3.4557  -9.1784  -9.0096  -2.9147  -7.5507  -8.8499  -4.3951  -2.9702  -3.8922  -8.4529  -6.7079  -8.3849  -0.4518  -6.0620  -13.0730 -21.8202 
Z -4.6185  -2.5063  -2.8909  -1.4733  -8.0310  -1.6610  -1.5824  -5.5135  -3.5241  -8.1779  -7.8185  -1.7776  -6.3570  -8.6163  -4.5930  -3.6606  -3.9918  -7.8585  -6.5026  -7.3540  -6.0620  -1.5982  -11.9519 -21.7207 
J -4.8840  -7.4435  -8.4112  -9.6653  -4.2971  -7.2351  -8.4466  -8.4655  -7.3084  -1.4295  -2.0652  -7.8604  -1.3379  -1.9309  -7.4282  -7.1704  -5.5954  -4.4184  -4.4461  -1.2077  -13.0730 -11.9519 -2.4989  -21.9803 
X -17.8048 -17.8173 -17.7052 -17.9123 -17.9158 -17.5775 -17.8096 -18.2431 -17.7803 -17.8020 -18.0904 -17.7308 -17.4863 -17.8390 -18.0720 -17.7021 -17.6531 -17.9979 -17.8643 -17.7846 -21.8202 -21.7207 -21.9803 -27.1347 