# Decimal PFASUM26 substitution matrix
# Rounded to 4 decimal digits
# Units = 1/5 Bits
# Entropy H = 0.18494 Bits
# Pfam seed version = 29.0
#
# For further information on the PFASUM substitution model, see 
#
#    PFASUM: A substitution matrix from Pfam structural alignments
#    Frank Keul, Martin Hess, Michael Goesele, Kay Hamacher
#    BMC Bioinformatics, 18(1), 2017
#    http://dx.doi.org/10.1186/s12859-017-1703-z
#
#    Project Website:
#    http://www.cbs.tu-darmstadt.de/PFASUM
#
  A        R        N        D        C        Q        E        G        H        I        L        K        M        F        P        S        T        W        Y        V        B        Z        J        X        
A 4.3455   -1.1685  -1.3878  -1.6661  0.7753   -0.4986  -0.8348  0.6953   -1.9978  -0.7466  -0.6873  -1.2338  -0.0811  -1.5129  -0.6671  0.9281   0.2293   -2.2919  -1.9387  0.3536   -6.5373  -5.7010  -5.7097  -22.1670 
R -1.1685  8.0269   0.7635   0.3250   -3.4890  2.4295   1.6299   -1.8720  1.3210   -4.2173  -3.5799  4.1492   -2.3777  -4.2411  -0.7520  -0.1871  -0.3780  -2.1855  -1.8161  -3.4369  -4.4707  -3.0456  -8.8150  -22.1773 
N -1.3878  0.7635   7.4747   3.3749   -2.7538  1.6160   1.5495   0.5464   1.3207   -4.7901  -4.6868  1.7659   -2.9977  -4.2218  -0.6591  1.6296   0.7563   -4.0827  -1.9138  -4.1429  -2.0238  -3.4243  -9.7258  -22.0590 
D -1.6661  0.3250   3.3749   9.1186   -4.6900  1.6369   3.9941   -0.3137  0.0912   -6.3662  -6.0471  1.3694   -4.7613  -6.1864  0.0956   0.9340   -0.1423  -5.4172  -3.7246  -5.2842  -1.2128  -1.8416  -11.1665 -22.2881 
C 0.7753   -3.4890  -2.7538  -4.6900  18.7757  -3.7824  -4.7534  -1.8586  -1.7855  0.2213   -0.0056  -4.2868  0.3073   0.0808   -3.3653  -0.1957  -0.7112  -1.6247  -0.7881  0.9210   -8.7378  -9.3566  -4.9187  -22.2040 
Q -0.4986  2.4295   1.6160   1.6369   -3.7824  6.1936   3.2862   -1.5281  1.3612   -3.8715  -3.2837  2.7817   -1.5443  -4.1587  -0.7695  0.6053   0.3067   -3.3663  -1.8864  -3.1777  -3.3726  -2.4644  -8.5010  -21.9212 
E -0.8348  1.6299   1.5495   3.9941   -4.7534  3.2862   7.1364   -1.7186  0.1484   -5.0629  -4.6926  2.8705   -3.4669  -5.6859  -0.3847  0.4339   0.0227   -4.9248  -3.0909  -4.1240  -2.0248  -2.3903  -9.8308  -22.1687 
G 0.6953   -1.8720  0.5464   -0.3137  -1.8586  -1.5281  -1.7186  10.1714  -1.9837  -4.7633  -4.4896  -1.5723  -3.0691  -3.8523  -0.9378  0.8227   -1.0083  -3.6348  -3.7074  -3.6613  -4.9068  -6.6432  -9.5922  -22.6498 
H -1.9978  1.3210   1.3207   0.0912   -1.7855  1.3612   0.1484   -1.9837  14.4697  -4.1414  -3.6045  0.3866   -2.4409  -2.0268  -0.9906  -0.5625  -0.9630  -0.8668  1.5680   -3.4206  -4.3192  -4.3510  -8.8035  -22.1932 
I -0.7466  -4.2173  -4.7901  -6.3662  0.2213   -3.8715  -5.0629  -4.7633  -4.1414  5.8891   3.6168   -4.3445  2.5832   2.1458   -3.6273  -3.2592  -1.3087  -0.8096  -0.4719  4.2566   -10.6010 -9.5716  -2.3004  -22.1790 
L -0.6873  -3.5799  -4.6868  -6.0471  -0.0056  -3.2837  -4.6926  -4.4896  -3.6045  3.6168   5.3713   -4.2386  3.1189   2.7386   -3.5363  -3.3169  -1.8050  0.2780   -0.0803  2.4412   -10.3918 -9.1064  -3.2212  -22.4963 
K -1.2338  4.1492   1.7659   1.3694   -4.2868  2.7817   2.8705   -1.5723  0.3866   -4.3445  -4.2386  6.9401   -2.8982  -5.0811  -0.3774  0.3519   0.0683   -4.0730  -2.5240  -3.7830  -3.4462  -2.1642  -9.2786  -22.0991 
M -0.0811  -2.3777  -2.9977  -4.7613  0.3073   -1.5443  -3.4669  -3.0691  -2.4409  2.5832   3.1189   -2.8982  6.5660   2.0996   -3.1143  -1.7150  -0.6045  0.2652   0.3414   1.7290   -8.8994  -7.6503  -2.0796  -21.8067 
F -1.5129  -4.2411  -4.2218  -6.1864  0.0808   -4.1587  -5.6859  -3.8523  -2.0268  2.1458   2.7386   -5.0811  2.0996   7.9933   -3.4511  -3.0027  -2.0135  3.7178   4.5029   1.2284   -10.2194 -10.0475 -2.4805  -22.1854 
P -0.6671  -0.7520  -0.6591  0.0956   -3.3653  -0.7695  -0.3847  -0.9378  -0.9906  -3.6273  -3.5363  -0.3774  -3.1143  -3.4511  12.2851  0.1985   -0.5861  -2.9887  -3.0900  -2.6381  -5.2405  -5.5333  -8.5706  -22.4392 
S 0.9281   -0.1871  1.6296   0.9340   -0.1957  0.6053   0.4339   0.8227   -0.5625  -3.2592  -3.3169  0.3519   -1.7150  -3.0027  0.1985   4.4798   2.1493   -3.2509  -2.0977  -2.2779  -3.7389  -4.4983  -8.2950  -22.0781 
T 0.2293   -0.3780  0.7563   -0.1423  -0.7112  0.3067   0.0227   -1.0083  -0.9630  -1.3087  -1.8050  0.0683   -0.6045  -2.0135  -0.5861  2.1493   4.7421   -2.7313  -1.5658  -0.2571  -4.7165  -4.8645  -6.6128  -21.9937 
W -2.2919  -2.1855  -4.0827  -5.4172  -1.6247  -3.3663  -4.9248  -3.6348  -0.8668  -0.8096  0.2780   -4.0730  0.2652   3.7178   -2.9887  -3.2509  -2.7313  18.0674  4.9385   -1.2306  -9.7749  -9.2725  -5.1154  -22.3110 
Y -1.9387  -1.8161  -1.9138  -3.7246  -0.7881  -1.8864  -3.0909  -3.7074  1.5680   -0.4719  -0.0803  -2.5240  0.3414   4.5029   -3.0900  -2.0977  -1.5658  4.9385   10.1714  -0.5530  -7.8381  -7.5940  -5.2263  -22.1949 
V 0.3536   -3.4369  -4.1429  -5.2842  0.9210   -3.1777  -4.1240  -3.6613  -3.4206  4.2566   2.4412   -3.7830  1.7290   1.2284   -2.6381  -2.2779  -0.2571  -1.2306  -0.5530  5.1645   -9.7387  -8.7377  -1.8156  -22.1484 
B -6.5373  -4.4707  -2.0238  -1.2128  -8.7378  -3.3726  -2.0248  -4.9068  -4.3192  -10.6010 -10.3918 -3.4462  -8.8994  -10.2194 -5.2405  -3.7389  -4.7165  -9.7749  -7.8381  -9.7387  -1.4722  -7.5242  -15.4704 -27.1833 
Z -5.7010  -3.0456  -3.4243  -1.8416  -9.3566  -2.4644  -2.3903  -6.6432  -4.3510  -9.5716  -9.1064  -2.1642  -7.6503  -10.0475 -5.5333  -4.4983  -4.8645  -9.2725  -7.5940  -8.7377  -7.5242  -2.8024  -14.2793 -27.0718 
J -5.7097  -8.8150  -9.7258  -11.1665 -4.9187  -8.5010  -9.8308  -9.5922  -8.8035  -2.3004  -3.2212  -9.2786  -2.0796  -2.4805  -8.5706  -8.2950  -6.6128  -5.1154  -5.2263  -1.8156  -15.4704 -14.2793 -4.0751  -27.3754 
X -22.1670 -22.1773 -22.0590 -22.2881 -22.2040 -21.9212 -22.1687 -22.6498 -22.1932 -22.1790 -22.4963 -22.0991 -21.8067 -22.1854 -22.4392 -22.0781 -21.9937 -22.3110 -22.1949 -22.1484 -27.1833 -27.0718 -27.3754 -33.8246 