# Decimal PFASUM93 substitution matrix
# Rounded to 4 decimal digits
# Units = 1/2 Bits
# Entropy H = 0.73153 Bits
# Pfam seed version = 29.0
#
# For further information on the PFASUM substitution model, see 
#
#    PFASUM: A substitution matrix from Pfam structural alignments
#    Frank Keul, Martin Hess, Michael Goesele, Kay Hamacher
#    BMC Bioinformatics, 18(1), 2017
#    http://dx.doi.org/10.1186/s12859-017-1703-z
#
#    Project Website:
#    http://www.cbs.tu-darmstadt.de/PFASUM
#
  A        R        N        D        C        Q        E        G        H        I        L        K        M        F        P        S        T        W        Y        V        B        Z        J        X        
A 3.7582   -1.4157  -1.3179  -1.4454  0.1192   -0.7371  -0.7224  -0.1446  -1.7086  -1.3757  -1.5029  -1.0630  -0.9500  -2.1409  -0.7921  0.6933   -0.1236  -2.6532  -2.3217  -0.2011  -3.3919  -2.7277  -3.4544  -9.1400  
R -1.4157  5.3428   -0.4177  -1.2789  -2.9029  0.8873   -0.2988  -2.2050  0.2379   -3.2031  -2.7378  2.2037   -1.9897  -3.5477  -1.7821  -0.8595  -0.9722  -2.1564  -1.9823  -2.7882  -2.8902  -1.8062  -4.9041  -9.2087  
N -1.3179  -0.4177  5.7266   1.4827   -2.2301  0.2750   -0.0620  -0.3421  0.8332   -3.6174  -3.5279  0.2422   -2.3851  -3.4078  -1.5126  0.6797   -0.0263  -3.4325  -1.8486  -3.1491  0.6289   -1.9340  -5.5613  -9.0743  
D -1.4454  -1.2789  1.4827   5.5388   -3.8590  0.0495   1.8619   -0.9713  -0.5710  -4.8273  -4.5072  -0.4452  -3.6449  -4.7473  -1.1063  -0.1126  -0.9037  -4.3123  -3.2211  -4.0104  0.8540   -0.6785  -6.6235  -9.2286  
C 0.1192   -2.9029  -2.2301  -3.8590  9.7746   -3.0339  -4.0284  -2.1641  -1.9831  -1.1886  -1.3398  -3.5421  -1.0448  -1.2606  -3.4836  -0.3271  -0.7462  -2.0481  -1.4016  -0.2818  -5.0699  -5.6234  -3.2820  -9.3218  
Q -0.7371  0.8873   0.2750   0.0495   -3.0339  5.2296   1.4006   -1.7935  0.8129   -2.9102  -2.2736  1.1777   -0.9614  -3.2886  -1.2470  -0.2484  -0.4454  -2.8260  -1.9679  -2.4016  -1.8549  0.2105   -4.4969  -8.9864  
E -0.7224  -0.2988  -0.0620  1.8619   -4.0284  1.4006   4.7477   -1.7887  -0.6981  -3.7105  -3.5208  0.6168   -2.6260  -4.3746  -1.0956  -0.4743  -0.7232  -3.8582  -2.8988  -2.8641  -0.7882  0.3239   -5.5907  -9.1608  
G -0.1446  -2.2050  -0.3421  -0.9713  -2.1641  -1.7935  -1.7887  5.8300   -1.9813  -4.3729  -4.0938  -1.7744  -3.2727  -3.8267  -1.9444  -0.2067  -1.7320  -3.6484  -3.7263  -3.4988  -2.6936  -3.7905  -6.1956  -9.5120  
H -1.7086  0.2379   0.8332   -0.5710  -1.9831  0.8129   -0.6981  -1.9813  7.6192   -3.1015  -2.5593  -0.2490  -1.9715  -1.1067  -1.7311  -0.7027  -1.1077  -1.1285  1.2593   -2.7176  -1.9044  -2.0496  -4.7515  -9.1233  
I -1.3757  -3.2031  -3.6174  -4.8273  -1.1886  -2.9102  -3.7105  -4.3729  -3.1015  4.4365   1.6499   -3.1821  1.2188   0.0844   -3.2690  -2.9063  -1.1626  -1.8245  -1.5703  2.5465   -6.2631  -5.3911  -0.0285  -9.0975  
L -1.5029  -2.7378  -3.5279  -4.5072  -1.3398  -2.2736  -3.5208  -4.0938  -2.5593  1.6499   3.9759   -2.9652  1.8264   0.8742   -3.1099  -2.8850  -1.7660  -1.0054  -1.0683  0.7518   -6.0603  -4.9995  -0.1424  -9.3083  
K -1.0630  2.2037   0.2422   -0.4452  -3.5421  1.1777   0.6168   -1.7744  -0.2490  -3.1821  -2.9652  4.8462   -1.9646  -3.9722  -1.1617  -0.4466  -0.5141  -3.2631  -2.5042  -2.6857  -2.1401  -1.1649  -5.0449  -9.0884  
M -0.9500  -1.9897  -2.3851  -3.6449  -1.0448  -0.9614  -2.6260  -3.2727  -1.9715  1.2188   1.8264   -1.9646  6.4254   0.4925   -3.0890  -1.8190  -0.7925  -1.0638  -0.9438  0.4066   -5.0547  -3.9006  -0.3874  -8.9640  
F -2.1409  -3.5477  -3.4078  -4.7473  -1.2606  -3.2886  -4.3746  -3.8267  -1.1067  0.0844   0.8742   -3.9722  0.4925   6.1974   -3.5653  -2.8382  -2.2908  1.7183   2.9270   -0.4859  -6.1152  -5.9281  -1.3982  -9.2346  
P -0.7921  -1.7821  -1.5126  -1.1063  -3.4836  -1.2470  -1.0956  -1.9444  -1.7311  -3.2690  -3.1099  -1.1617  -3.0890  -3.5653  7.0125   -0.3776  -1.1493  -3.3996  -3.2804  -2.4476  -3.2679  -3.1501  -5.1687  -9.4356  
S 0.6933   -0.8595  0.6797   -0.1126  -0.3271  -0.2484  -0.4743  -0.2067  -0.7027  -2.9063  -2.8850  -0.4466  -1.8190  -2.8382  -0.3776  4.1060   1.4039   -2.9841  -2.2505  -2.0665  -1.7574  -2.3895  -4.8930  -9.0359  
T -0.1236  -0.9722  -0.0263  -0.9037  -0.7462  -0.4454  -0.7232  -1.7320  -1.1077  -1.1626  -1.7660  -0.5141  -0.7925  -2.2908  -1.1493  1.4039   4.6208   -2.8093  -2.0980  -0.3065  -2.5071  -2.6183  -3.5240  -9.0494  
W -2.6532  -2.1564  -3.4325  -4.3123  -2.0481  -2.8260  -3.8582  -3.6484  -1.1285  -1.8245  -1.0054  -3.2631  -1.0638  1.7183   -3.3996  -2.9841  -2.8093  10.1684  2.1943   -2.1378  -5.9145  -5.4362  -3.2870  -9.4082  
Y -2.3217  -1.9823  -1.8486  -3.2211  -1.4016  -1.9679  -2.8988  -3.7263  1.2593   -1.5703  -1.0683  -2.5042  -0.9438  2.9270   -3.2804  -2.2505  -2.0980  2.1943   7.0946   -1.6736  -4.5714  -4.5222  -3.2470  -9.2686  
V -0.2011  -2.7882  -3.1491  -4.0104  -0.2818  -2.4016  -2.8641  -3.4988  -2.7176  2.5465   0.7518   -2.6857  0.4066   -0.4859  -2.4476  -2.0665  -0.3065  -2.1378  -1.6736  4.1152   -5.6217  -4.6860  -0.4373  -9.1136  
B -3.3919  -2.8902  0.6289   0.8540   -5.0699  -1.8549  -0.7882  -2.6936  -1.9044  -6.2631  -6.0603  -2.1401  -5.0547  -6.1152  -3.2679  -1.7574  -2.5071  -5.9145  -4.5714  -5.6217  1.6859   -3.1348  -8.1349  -11.1640 
Z -2.7277  -1.8062  -1.9340  -0.6785  -5.6234  0.2105   0.3239   -3.7905  -2.0496  -5.3911  -4.9995  -1.1649  -3.9006  -5.9281  -3.1501  -2.3895  -2.6183  -5.4362  -4.5222  -4.6860  -3.1348  1.0757   -7.1407  -11.0962 
J -3.4544  -4.9041  -5.5613  -6.6235  -3.2820  -4.4969  -5.5907  -6.1956  -4.7515  -0.0285  -0.1424  -5.0449  -0.3874  -1.3982  -5.1687  -4.8930  -3.5240  -3.2870  -3.2470  -0.4373  -8.1349  -7.1407  0.2779   -11.2276 
X -9.1400  -9.2087  -9.0743  -9.2286  -9.3218  -8.9864  -9.1608  -9.5120  -9.1233  -9.0975  -9.3083  -9.0884  -8.9640  -9.2346  -9.4356  -9.0359  -9.0494  -9.4082  -9.2686  -9.1136  -11.1640 -11.0962 -11.2276 -13.8298 