# Decimal PFASUM70 substitution matrix
# Rounded to 4 decimal digits
# Units = 1/3 Bits
# Entropy H = 0.596456 Bits
# Pfam seed version = 29.0
#
# For further information on the PFASUM substitution model, see 
#
#    PFASUM: A substitution matrix from Pfam structural alignments
#    Frank Keul, Martin Hess, Michael Goesele, Kay Hamacher
#    BMC Bioinformatics, 18(1), 2017
#    http://dx.doi.org/10.1186/s12859-017-1703-z
#
#    Project Website:
#    http://www.cbs.tu-darmstadt.de/PFASUM
#
  A        R        N        D        C        Q        E        G        H        I        L        K        M        F        P        S        T        W        Y        V        B        Z        J        X        
A 5.0745   -1.6937  -1.7173  -1.8564  0.3057   -0.8473  -0.8831  -0.0505  -2.1900  -1.6916  -1.8245  -1.3326  -1.0744  -2.7279  -0.9549  0.9987   -0.0856  -3.4183  -2.9842  -0.1388  -4.7977  -3.8698  -4.7743  -13.6125 
R -1.6937  7.4429   -0.3179  -1.3900  -3.8861  1.5004   -0.0179  -2.7845  0.5626   -4.3066  -3.7052  3.2288   -2.5909  -4.7521  -2.1274  -0.9092  -1.0632  -2.8509  -2.5085  -3.6911  -3.9091  -2.3928  -6.9207  -13.6885 
N -1.7173  -0.3179  7.8566   2.3176   -3.0225  0.6269   0.2214   -0.2285  1.2442   -4.9856  -4.8769  0.6257   -3.2135  -4.6616  -1.7895  1.0928   0.1279   -4.6585  -2.4343  -4.3177  0.5636   -2.6242  -7.9172  -13.5137 
D -1.8564  -1.3900  2.3176   7.7899   -5.2638  0.3547   2.7324   -1.0908  -0.5651  -6.6079  -6.2071  -0.2728  -4.9042  -6.4954  -1.1918  0.1163   -0.9937  -5.9005  -4.3445  -5.4803  0.9208   -1.0031  -9.3528  -13.7361 
C 0.3057   -3.8861  -3.0225  -5.2638  14.3307  -4.0589  -5.3042  -2.8182  -2.5379  -1.3593  -1.5744  -4.6582  -1.1748  -1.4402  -4.6165  -0.4380  -0.9756  -2.6830  -1.7170  -0.2179  -7.1831  -7.8011  -4.4926  -13.8565 
Q -0.8473  1.5004   0.6269   0.3547   -4.0589  7.0228   2.1847   -2.2365  1.2040   -3.9726  -3.1989  1.8849   -1.2942  -4.4849  -1.5690  -0.1031  -0.3861  -3.8320  -2.5584  -3.2608  -2.5294  -0.0420  -6.4726  -13.3864 
E -0.8831  -0.0179  0.2214   2.7324   -5.3042  2.1847   6.5714   -2.2666  -0.6912  -5.0493  -4.8398  1.2130   -3.4874  -5.9305  -1.2442  -0.3678  -0.7291  -5.2103  -3.8259  -3.9185  -1.1478  0.1089   -7.9170  -13.6301 
G -0.0505  -2.7845  -0.2285  -1.0908  -2.8182  -2.2365  -2.2666  8.3890   -2.5128  -5.8942  -5.5156  -2.2110  -4.2904  -5.1105  -2.3446  -0.1140  -2.1772  -4.8960  -4.9005  -4.6967  -3.7092  -5.2554  -8.6534  -14.1367 
H -2.1900  0.5626   1.2442   -0.5651  -2.5379  1.2040   -0.6912  -2.5128  10.8677  -4.1813  -3.5045  -0.1206  -2.5333  -1.5167  -2.2291  -0.7867  -1.3288  -1.4242  1.8488   -3.6142  -2.7152  -2.8908  -6.7456  -13.5810 
I -1.6916  -4.3066  -4.9856  -6.6079  -1.3593  -3.9726  -5.0493  -5.8942  -4.1813  6.0888   2.5329   -4.2875  1.8549   0.4473   -4.3622  -3.8851  -1.5493  -2.2838  -1.8879  3.7013   -8.8545  -7.6194  -0.2506  -13.5648 
L -1.8245  -3.7052  -4.8769  -6.2071  -1.5744  -3.1989  -4.8398  -5.5156  -3.5045  2.5329   5.4960   -4.0850  2.6956   1.4774   -4.2152  -3.9101  -2.3526  -1.1137  -1.2598  1.2949   -8.6005  -7.1586  -0.4902  -13.8694 
K -1.3326  3.2288   0.6257   -0.2728  -4.6582  1.8849   1.2130   -2.2110  -0.1206  -4.2875  -4.0850  6.6478   -2.6248  -5.3461  -1.2964  -0.3312  -0.4782  -4.4234  -3.2396  -3.6371  -2.8742  -1.5263  -7.1597  -13.5235 
M -1.0744  -2.5909  -3.2135  -4.9042  -1.1748  -1.2942  -3.4874  -4.2904  -2.5333  1.8549   2.6956   -2.6248  8.8244   0.9675   -4.0720  -2.3387  -1.0160  -1.1817  -1.0065  0.7575   -7.1158  -5.5426  -0.6003  -13.3460 
F -2.7279  -4.7521  -4.6616  -6.4954  -1.4402  -4.4849  -5.9305  -5.1105  -1.5167  0.4473   1.4774   -5.3461  0.9675   8.6723   -4.7320  -3.8206  -3.0088  2.6157   4.2361   -0.3570  -8.6327  -8.3384  -1.8801  -13.7356 
P -0.9549  -2.1274  -1.7895  -1.1918  -4.6165  -1.5690  -1.2442  -2.3446  -2.2291  -4.3622  -4.2152  -1.2964  -4.0720  -4.7320  10.1034  -0.3600  -1.3922  -4.4371  -4.3352  -3.2605  -4.4317  -4.3615  -7.2696  -14.0109 
S 0.9987   -0.9092  1.0928   0.1163   -0.4380  -0.1031  -0.3678  -0.1140  -0.7867  -3.8851  -3.9101  -0.3312  -2.3387  -3.8206  -0.3600  5.4632   2.0717   -4.0147  -2.9184  -2.7401  -2.4484  -3.2680  -6.9007  -13.4671 
T -0.0856  -1.0632  0.1279   -0.9937  -0.9756  -0.3861  -0.7291  -2.1772  -1.3288  -1.5493  -2.3526  -0.4782  -1.0160  -3.0088  -1.3922  2.0717   6.2192   -3.7081  -2.6769  -0.3708  -3.4890  -3.5991  -5.0342  -13.4779 
W -3.4183  -2.8509  -4.6585  -5.9005  -2.6830  -3.8320  -5.2103  -4.8960  -1.4242  -2.2838  -1.1137  -4.4234  -1.1817  2.6157   -4.4371  -4.0147  -3.7081  14.7151  3.3221   -2.6741  -8.3374  -7.6483  -4.5156  -13.9795 
Y -2.9842  -2.5085  -2.4343  -4.3445  -1.7170  -2.5584  -3.8259  -4.9005  1.8488   -1.8879  -1.2598  -3.2396  -1.0065  4.2361   -4.3352  -2.9184  -2.6769  3.3221   10.0377  -2.0207  -6.4416  -6.3131  -4.4844  -13.7824 
V -0.1388  -3.6911  -4.3177  -5.4803  -0.2179  -3.2608  -3.9185  -4.6967  -3.6142  3.7013   1.2949   -3.6371  0.7575   -0.3570  -3.2605  -2.7401  -0.3708  -2.6741  -2.0207  5.6336   -7.9558  -6.6635  -0.6422  -13.5807 
B -4.7977  -3.9091  0.5636   0.9208   -7.1831  -2.5294  -1.1478  -3.7092  -2.7152  -8.8545  -8.6005  -2.8742  -7.1158  -8.6327  -4.4317  -2.4484  -3.4890  -8.3374  -6.4416  -7.9558  1.9274   -4.6089  -11.6939 -16.6423 
Z -3.8698  -2.3928  -2.6242  -1.0031  -7.8011  -0.0420  0.1089   -5.2554  -2.8908  -7.6194  -7.1586  -1.5263  -5.5426  -8.3384  -4.3615  -3.2680  -3.5991  -7.6483  -6.3131  -6.6635  -4.6089  0.9758   -10.3254 -16.5389 
J -4.7743  -6.9207  -7.9172  -9.3528  -4.4926  -6.4726  -7.9170  -8.6534  -6.7456  -0.2506  -0.4902  -7.1597  -0.6003  -1.8801  -7.2696  -6.9007  -5.0342  -4.5156  -4.4844  -0.6422  -11.6939 -10.3254 -0.0745  -16.7533 
X -13.6125 -13.6885 -13.5137 -13.7361 -13.8565 -13.3864 -13.6301 -14.1367 -13.5810 -13.5648 -13.8694 -13.5235 -13.3460 -13.7356 -14.0109 -13.4671 -13.4779 -13.9795 -13.7824 -13.5807 -16.6423 -16.5389 -16.7533 -20.6403 