# Decimal PFASUM92 substitution matrix
# Rounded to 4 decimal digits
# Units = 1/2 Bits
# Entropy H = 0.731499 Bits
# Pfam seed version = 29.0
#
# For further information on the PFASUM substitution model, see 
#
#    PFASUM: A substitution matrix from Pfam structural alignments
#    Frank Keul, Martin Hess, Michael Goesele, Kay Hamacher
#    BMC Bioinformatics, 18(1), 2017
#    http://dx.doi.org/10.1186/s12859-017-1703-z
#
#    Project Website:
#    http://www.cbs.tu-darmstadt.de/PFASUM
#
  A        R        N        D        C        Q        E        G        H        I        L        K        M        F        P        S        T        W        Y        V        B        Z        J        X        
A 3.7580   -1.4157  -1.3179  -1.4453  0.1194   -0.7370  -0.7223  -0.1446  -1.7086  -1.3757  -1.5029  -1.0629  -0.9499  -2.1409  -0.7921  0.6934   -0.1237  -2.6533  -2.3216  -0.2011  -3.3918  -2.7277  -3.4544  -9.1400  
R -1.4157  5.3427   -0.4176  -1.2787  -2.9030  0.8874   -0.2986  -2.2052  0.2379   -3.2030  -2.7377  2.2038   -1.9897  -3.5477  -1.7819  -0.8594  -0.9720  -2.1564  -1.9822  -2.7882  -2.8901  -1.8060  -4.9041  -9.2087  
N -1.3179  -0.4176  5.7265   1.4829   -2.2300  0.2751   -0.0619  -0.3421  0.8333   -3.6175  -3.5280  0.2423   -2.3852  -3.4079  -1.5126  0.6798   -0.0262  -3.4328  -1.8485  -3.1492  0.6289   -1.9339  -5.5614  -9.0742  
D -1.4453  -1.2787  1.4829   5.5387   -3.8589  0.0497   1.8619   -0.9713  -0.5708  -4.8275  -4.5072  -0.4449  -3.6450  -4.7473  -1.1061  -0.1124  -0.9035  -4.3122  -3.2212  -4.0106  0.8540   -0.6785  -6.6236  -9.2285  
C 0.1194   -2.9030  -2.2300  -3.8589  9.7745   -3.0338  -4.0284  -2.1642  -1.9832  -1.1885  -1.3395  -3.5421  -1.0447  -1.2606  -3.4841  -0.3270  -0.7460  -2.0480  -1.4017  -0.2816  -5.0699  -5.6233  -3.2818  -9.3218  
Q -0.7370  0.8874   0.2751   0.0497   -3.0338  5.2294   1.4008   -1.7935  0.8128   -2.9101  -2.2736  1.1779   -0.9612  -3.2885  -1.2471  -0.2483  -0.4452  -2.8259  -1.9677  -2.4016  -1.8547  0.2105   -4.4969  -8.9863  
E -0.7223  -0.2986  -0.0619  1.8619   -4.0284  1.4008   4.7476   -1.7888  -0.6979  -3.7105  -3.5208  0.6171   -2.6260  -4.3747  -1.0954  -0.4742  -0.7230  -3.8581  -2.8987  -2.8641  -0.7883  0.3239   -5.5907  -9.1608  
G -0.1446  -2.2052  -0.3421  -0.9713  -2.1642  -1.7935  -1.7888  5.8300   -1.9813  -4.3730  -4.0939  -1.7744  -3.2727  -3.8268  -1.9444  -0.2067  -1.7321  -3.6487  -3.7264  -3.4991  -2.6936  -3.7905  -6.1958  -9.5120  
H -1.7086  0.2379   0.8333   -0.5708  -1.9832  0.8128   -0.6979  -1.9813  7.6191   -3.1014  -2.5593  -0.2489  -1.9714  -1.1065  -1.7313  -0.7027  -1.1076  -1.1285  1.2593   -2.7176  -1.9043  -2.0496  -4.7515  -9.1233  
I -1.3757  -3.2030  -3.6175  -4.8275  -1.1885  -2.9101  -3.7105  -4.3730  -3.1014  4.4363   1.6500   -3.1820  1.2187   0.0844   -3.2690  -2.9063  -1.1625  -1.8245  -1.5702  2.5465   -6.2633  -5.3911  -0.0286  -9.0975  
L -1.5029  -2.7377  -3.5280  -4.5072  -1.3395  -2.2736  -3.5208  -4.0939  -2.5593  1.6500   3.9758   -2.9651  1.8265   0.8742   -3.1100  -2.8850  -1.7659  -1.0054  -1.0682  0.7519   -6.0603  -4.9995  -0.1425  -9.3083  
K -1.0629  2.2038   0.2423   -0.4449  -3.5421  1.1779   0.6171   -1.7744  -0.2489  -3.1820  -2.9651  4.8460   -1.9645  -3.9721  -1.1614  -0.4464  -0.5139  -3.2630  -2.5040  -2.6855  -2.1399  -1.1647  -5.0448  -9.0883  
M -0.9499  -1.9897  -2.3852  -3.6450  -1.0447  -0.9612  -2.6260  -3.2727  -1.9714  1.2187   1.8265   -1.9645  6.4251   0.4926   -3.0889  -1.8189  -0.7925  -1.0638  -0.9436  0.4065   -5.0548  -3.9006  -0.3874  -8.9640  
F -2.1409  -3.5477  -3.4079  -4.7473  -1.2606  -3.2885  -4.3747  -3.8268  -1.1065  0.0844   0.8742   -3.9721  0.4926   6.1972   -3.5652  -2.8382  -2.2907  1.7185   2.9271   -0.4859  -6.1152  -5.9281  -1.3982  -9.2345  
P -0.7921  -1.7819  -1.5126  -1.1061  -3.4841  -1.2471  -1.0954  -1.9444  -1.7313  -3.2690  -3.1100  -1.1614  -3.0889  -3.5652  7.0127   -0.3778  -1.1494  -3.3993  -3.2802  -2.4475  -3.2677  -3.1501  -5.1688  -9.4356  
S 0.6934   -0.8594  0.6798   -0.1124  -0.3270  -0.2483  -0.4742  -0.2067  -0.7027  -2.9063  -2.8850  -0.4464  -1.8189  -2.8382  -0.3778  4.1059   1.4041   -2.9840  -2.2503  -2.0665  -1.7572  -2.3894  -4.8930  -9.0359  
T -0.1237  -0.9720  -0.0262  -0.9035  -0.7460  -0.4452  -0.7230  -1.7321  -1.1076  -1.1625  -1.7659  -0.5139  -0.7925  -2.2907  -1.1494  1.4041   4.6206   -2.8091  -2.0979  -0.3064  -2.5070  -2.6181  -3.5239  -9.0494  
W -2.6533  -2.1564  -3.4328  -4.3122  -2.0480  -2.8259  -3.8581  -3.6487  -1.1285  -1.8245  -1.0054  -3.2630  -1.0638  1.7185   -3.3993  -2.9840  -2.8091  10.1682  2.1943   -2.1376  -5.9147  -5.4361  -3.2869  -9.4082  
Y -2.3216  -1.9822  -1.8485  -3.2212  -1.4017  -1.9677  -2.8987  -3.7264  1.2593   -1.5702  -1.0682  -2.5040  -0.9436  2.9271   -3.2802  -2.2503  -2.0979  2.1943   7.0944   -1.6736  -4.5714  -4.5220  -3.2469  -9.2685  
V -0.2011  -2.7882  -3.1492  -4.0106  -0.2816  -2.4016  -2.8641  -3.4991  -2.7176  2.5465   0.7519   -2.6855  0.4065   -0.4859  -2.4475  -2.0665  -0.3064  -2.1376  -1.6736  4.1150   -5.6219  -4.6860  -0.4373  -9.1136  
B -3.3918  -2.8901  0.6289   0.8540   -5.0699  -1.8547  -0.7883  -2.6936  -1.9043  -6.2633  -6.0603  -2.1399  -5.0548  -6.1152  -3.2677  -1.7572  -2.5070  -5.9147  -4.5714  -5.6219  1.6858   -3.1347  -8.1350  -11.1640 
Z -2.7277  -1.8060  -1.9339  -0.6785  -5.6233  0.2105   0.3239   -3.7905  -2.0496  -5.3911  -4.9995  -1.1647  -3.9006  -5.9281  -3.1501  -2.3894  -2.6181  -5.4361  -4.5220  -4.6860  -3.1347  1.0755   -7.1407  -11.0961 
J -3.4544  -4.9041  -5.5614  -6.6236  -3.2818  -4.4969  -5.5907  -6.1958  -4.7515  -0.0286  -0.1425  -5.0448  -0.3874  -1.3982  -5.1688  -4.8930  -3.5239  -3.2869  -3.2469  -0.4373  -8.1350  -7.1407  0.2777   -11.2276 
X -9.1400  -9.2087  -9.0742  -9.2285  -9.3218  -8.9863  -9.1608  -9.5120  -9.1233  -9.0975  -9.3083  -9.0883  -8.9640  -9.2345  -9.4356  -9.0359  -9.0494  -9.4082  -9.2685  -9.1136  -11.1640 -11.0961 -11.2276 -13.8298 