# Decimal PFASUM84 substitution matrix
# Rounded to 4 decimal digits
# Units = 1/2 Bits
# Entropy H = 0.730839 Bits
# Pfam seed version = 29.0
#
# For further information on the PFASUM substitution model, see 
#
#    PFASUM: A substitution matrix from Pfam structural alignments
#    Frank Keul, Martin Hess, Michael Goesele, Kay Hamacher
#    BMC Bioinformatics, 18(1), 2017
#    http://dx.doi.org/10.1186/s12859-017-1703-z
#
#    Project Website:
#    http://www.cbs.tu-darmstadt.de/PFASUM
#
  A        R        N        D        C        Q        E        G        H        I        L        K        M        F        P        S        T        W        Y        V        B        Z        J        X        
A 3.7554   -1.4124  -1.3183  -1.4439  0.1238   -0.7355  -0.7198  -0.1464  -1.7084  -1.3767  -1.5018  -1.0607  -0.9496  -2.1404  -0.7929  0.6955   -0.1256  -2.6510  -2.3201  -0.2018  -3.3912  -2.7255  -3.4541  -9.1400  
R -1.4124  5.3400   -0.4146  -1.2746  -2.9043  0.8911   -0.2927  -2.2069  0.2391   -3.2015  -2.7356  2.2050   -1.9886  -3.5461  -1.7791  -0.8552  -0.9683  -2.1544  -1.9792  -2.7863  -2.8865  -1.8012  -4.9022  -9.2079  
N -1.3183  -0.4146  5.7243   1.4862   -2.2284  0.2779   -0.0589  -0.3422  0.8343   -3.6198  -3.5288  0.2454   -2.3854  -3.4081  -1.5123  0.6814   -0.0253  -3.4332  -1.8477  -3.1520  0.6289   -1.9310  -5.5627  -9.0739  
D -1.4439  -1.2746  1.4862   5.5367   -3.8569  0.0545   1.8603   -0.9713  -0.5676  -4.8299  -4.5089  -0.4403  -3.6449  -4.7475  -1.1018  -0.1078  -0.9003  -4.3109  -3.2212  -4.0129  0.8533   -0.6784  -6.6255  -9.2281  
C 0.1238   -2.9043  -2.2284  -3.8569  9.7747   -3.0339  -4.0263  -2.1649  -1.9851  -1.1885  -1.3380  -3.5386  -1.0422  -1.2604  -3.4871  -0.3244  -0.7443  -2.0500  -1.4061  -0.2792  -5.0681  -5.6223  -3.2808  -9.3212  
Q -0.7355  0.8911   0.2779   0.0545   -3.0339  5.2239   1.4057   -1.7934  0.8100   -2.9098  -2.2732  1.1825   -0.9587  -3.2861  -1.2494  -0.2447  -0.4429  -2.8209  -1.9645  -2.4011  -1.8507  0.2099   -4.4966  -8.9854  
E -0.7198  -0.2927  -0.0589  1.8603   -4.0263  1.4057   4.7445   -1.7902  -0.6947  -3.7102  -3.5202  0.6225   -2.6253  -4.3736  -1.0910  -0.4695  -0.7191  -3.8556  -2.8962  -2.8636  -0.7886  0.3230   -5.5903  -9.1600  
G -0.1464  -2.2069  -0.3422  -0.9713  -2.1649  -1.7934  -1.7902  5.8299   -1.9808  -4.3780  -4.0965  -1.7737  -3.2763  -3.8288  -1.9454  -0.2071  -1.7347  -3.6495  -3.7283  -3.5052  -2.6937  -3.7914  -6.1992  -9.5126  
H -1.7084  0.2391   0.8343   -0.5676  -1.9851  0.8100   -0.6947  -1.9808  7.6190   -3.1018  -2.5597  -0.2456  -1.9687  -1.1043  -1.7349  -0.7012  -1.1064  -1.1246  1.2588   -2.7176  -1.9022  -2.0494  -4.7520  -9.1231  
I -1.3767  -3.2015  -3.6198  -4.8299  -1.1885  -2.9098  -3.7102  -4.3780  -3.1018  4.4321   1.6506   -3.1806  1.2182   0.0844   -3.2681  -2.9062  -1.1629  -1.8234  -1.5696  2.5461   -6.2656  -5.3908  -0.0299  -9.0973  
L -1.5018  -2.7356  -3.5288  -4.5089  -1.3380  -2.2732  -3.5202  -4.0965  -2.5597  1.6506   3.9729   -2.9624  1.8273   0.8751   -3.1109  -2.8848  -1.7655  -1.0022  -1.0666  0.7524   -6.0616  -4.9991  -0.1442  -9.3078  
K -1.0607  2.2050   0.2454   -0.4403  -3.5386  1.1825   0.6225   -1.7737  -0.2456  -3.1806  -2.9624  4.8416   -1.9632  -3.9692  -1.1570  -0.4414  -0.5106  -3.2616  -2.4998  -2.6842  -2.1360  -1.1597  -5.0426  -9.0872  
M -0.9496  -1.9886  -2.3854  -3.6449  -1.0422  -0.9587  -2.6253  -3.2763  -1.9687  1.2182   1.8273   -1.9632  6.4218   0.4950   -3.0908  -1.8165  -0.7923  -1.0618  -0.9404  0.4054   -5.0549  -3.8990  -0.3871  -8.9635  
F -2.1404  -3.5461  -3.4081  -4.7475  -1.2604  -3.2861  -4.3736  -3.8288  -1.1043  0.0844   0.8751   -3.9692  0.4950   6.1941   -3.5620  -2.8367  -2.2895  1.7217   2.9275   -0.4858  -6.1154  -5.9265  -1.3976  -9.2340  
P -0.7929  -1.7791  -1.5123  -1.1018  -3.4871  -1.2494  -1.0910  -1.9454  -1.7349  -3.2681  -3.1109  -1.1570  -3.0908  -3.5620  7.0155   -0.3786  -1.1503  -3.3955  -3.2783  -2.4475  -3.2650  -3.1480  -5.1691  -9.4354  
S 0.6955   -0.8552  0.6814   -0.1078  -0.3244  -0.2447  -0.4695  -0.2071  -0.7012  -2.9062  -2.8848  -0.4414  -1.8165  -2.8367  -0.3786  4.1034   1.4072   -2.9804  -2.2464  -2.0667  -1.7541  -2.3852  -4.8928  -9.0348  
T -0.1256  -0.9683  -0.0253  -0.9003  -0.7443  -0.4429  -0.7191  -1.7347  -1.1064  -1.1629  -1.7655  -0.5106  -0.7923  -2.2895  -1.1503  1.4072   4.6182   -2.8073  -2.0953  -0.3058  -2.5049  -2.6149  -3.5237  -9.0491  
W -2.6510  -2.1544  -3.4332  -4.3109  -2.0500  -2.8209  -3.8556  -3.6495  -1.1246  -1.8234  -1.0022  -3.2616  -1.0618  1.7217   -3.3955  -2.9804  -2.8073  10.1647  2.1974   -2.1357  -5.9142  -5.4325  -3.2846  -9.4072  
Y -2.3201  -1.9792  -1.8477  -3.2212  -1.4061  -1.9645  -2.8962  -3.7283  1.2588   -1.5696  -1.0666  -2.4998  -0.9404  2.9275   -3.2783  -2.2464  -2.0953  2.1974   7.0907   -1.6723  -4.5710  -4.5193  -3.2458  -9.2680  
V -0.2018  -2.7863  -3.1520  -4.0129  -0.2792  -2.4011  -2.8636  -3.5052  -2.7176  2.5461   0.7524   -2.6842  0.4054   -0.4858  -2.4475  -2.0667  -0.3058  -2.1357  -1.6723  4.1119   -5.6244  -4.6855  -0.4369  -9.1134  
B -3.3912  -2.8865  0.6289   0.8533   -5.0681  -1.8507  -0.7886  -2.6937  -1.9022  -6.2656  -6.0616  -2.1360  -5.0549  -6.1154  -3.2650  -1.7541  -2.5049  -5.9142  -4.5710  -5.6244  1.6838   -3.1338  -8.1367  -11.1636 
Z -2.7255  -1.8012  -1.9310  -0.6784  -5.6223  0.2099   0.3230   -3.7914  -2.0494  -5.3908  -4.9991  -1.1597  -3.8990  -5.9265  -3.1480  -2.3852  -2.6149  -5.4325  -4.5193  -4.6855  -3.1338  1.0719   -7.1404  -11.0953 
J -3.4541  -4.9022  -5.5627  -6.6255  -3.2808  -4.4966  -5.5903  -6.1992  -4.7520  -0.0299  -0.1442  -5.0426  -0.3871  -1.3976  -5.1691  -4.8928  -3.5237  -3.2846  -3.2458  -0.4369  -8.1367  -7.1404  0.2741   -11.2272 
X -9.1400  -9.2079  -9.0739  -9.2281  -9.3212  -8.9854  -9.1600  -9.5126  -9.1231  -9.0973  -9.3078  -9.0872  -8.9635  -9.2340  -9.4354  -9.0348  -9.0491  -9.4072  -9.2680  -9.1134  -11.1636 -11.0953 -11.2272 -13.8294 