# Decimal PFASUM18 substitution matrix
# Rounded to 4 decimal digits
# Units = 1/6 Bits
# Entropy H = 0.123932 Bits
# Pfam seed version = 29.0
#
# For further information on the PFASUM substitution model, see 
#
#    PFASUM: A substitution matrix from Pfam structural alignments
#    Frank Keul, Martin Hess, Michael Goesele, Kay Hamacher
#    BMC Bioinformatics, 18(1), 2017
#    http://dx.doi.org/10.1186/s12859-017-1703-z
#
#    Project Website:
#    http://www.cbs.tu-darmstadt.de/PFASUM
#
  A        R        N        D        C        Q        E        G        H        I        L        K        M        F        P        S        T        W        Y        V        B        Z        J        X        
A 4.0148   -0.9739  -1.0636  -1.4170  1.2529   -0.6211  -0.6460  0.8966   -1.5683  -0.4310  -0.6699  -1.0133  -0.0856  -1.5821  -0.4899  0.9313   0.4069   -2.4654  -1.4376  0.3975   -7.2469  -6.6360  -6.5762  -26.4605 
R -0.9739  7.6780   1.2923   0.9025   -2.6934  2.5674   1.9516   -1.4939  1.4612   -4.5663  -3.7645  4.4236   -2.1010  -4.3682  -0.3158  0.1895   -0.0949  -2.4974  -1.7515  -3.5044  -4.9096  -3.7965  -10.0674 -26.4501 
N -1.0636  1.2923   6.2092   3.9964   -2.9778  2.0653   2.0460   1.0769   1.7598   -4.9099  -4.7959  1.9525   -3.1716  -4.1940  -0.1831  1.7043   0.7574   -4.5074  -1.9435  -4.3147  -3.6039  -3.9463  -10.8401 -26.3532 
D -1.4170  0.9025   3.9964   8.9719   -3.5619  1.8486   4.2140   0.1854   0.5986   -6.5660  -6.2503  1.7753   -4.9770  -6.2678  0.4751   1.3199   0.1649   -6.0123  -3.7493  -5.4477  -2.5250  -2.6572  -12.3716 -26.5780 
C 1.2529   -2.6934  -2.9778  -3.5619  15.9658  -3.5110  -3.6166  -1.2637  -0.6783  0.8684   0.9048   -3.6055  1.2512   0.8690   -2.2622  0.0330   -0.1537  0.3355   -0.4141  1.4060   -9.2788  -9.5741  -5.1093  -26.2516 
Q -0.6211  2.5674   2.0653   1.8486   -3.5110  6.0301   3.3035   -0.8164  1.4493   -4.1311  -3.5184  3.0944   -2.2153  -4.1695  -0.5376  0.9662   0.2661   -3.4592  -2.1289  -3.5143  -4.0475  -3.8632  -9.7515  -26.2620 
E -0.6460  1.9516   2.0460   4.2140   -3.6166  3.3035   6.8646   -1.2704  0.2254   -5.3041  -4.6692  3.2929   -3.5686  -5.8228  -0.0119  0.8349   0.2449   -5.1719  -3.2384  -4.4818  -2.7514  -4.0750  -10.9105 -26.4832 
G 0.8966   -1.4939  1.0769   0.1854   -1.2637  -0.8164  -1.2704  10.9208  -1.2673  -4.7109  -4.3942  -1.0457  -3.0612  -3.8598  -0.2583  0.7818   -0.8299  -3.2609  -3.1835  -3.4887  -5.3785  -7.0857  -10.5159 -26.8953 
H -1.5683  1.4612   1.7598   0.5986   -0.6783  1.4493   0.2254   -1.2673  13.7606  -4.0114  -3.4459  0.7343   -1.8110  -1.7501  -0.4955  0.0678   -0.5243  -0.8540  1.7842   -3.1252  -4.8289  -5.2635  -9.6613  -26.3731 
I -0.4310  -4.5663  -4.9099  -6.5660  0.8684   -4.1311  -5.3041  -4.7109  -4.0114  5.9495   4.0339   -4.7215  2.8541   2.6156   -4.1634  -3.3930  -1.2387  -0.3683  0.0011   4.5846   -11.7376 -10.8152 -3.3345  -26.5549 
L -0.6699  -3.7645  -4.7959  -6.2503  0.9048   -3.5184  -4.6692  -4.3942  -3.4459  4.0339   5.4393   -4.3822  3.1953   3.0645   -3.7028  -3.4109  -1.5565  0.4856   0.3764   2.9069   -11.5270 -10.1899 -4.4767  -26.8724 
K -1.0133  4.4236   1.9525   1.7753   -3.6055  3.0944   3.2929   -1.0457  0.7343   -4.7215  -4.3822  6.2780   -3.1159  -5.1773  0.2480   0.7008   0.0997   -3.8637  -2.4319  -4.0977  -4.1398  -2.7861  -10.5125 -26.4186 
M -0.0856  -2.1010  -3.1716  -4.9770  1.2512   -2.2153  -3.5686  -3.0612  -1.8110  2.8541   3.1953   -3.1159  6.2174   2.2490   -3.0171  -1.9503  -0.5569  0.7939   0.5038   2.1869   -10.0700 -9.0011  -2.9357  -26.1425 
F -1.5821  -4.3682  -4.1940  -6.2678  0.8690   -4.1695  -5.8228  -3.8598  -1.7501  2.6156   3.0645   -5.1773  2.2490   8.1026   -3.2492  -3.2252  -1.7128  4.1876   4.6677   1.5205   -11.2180 -11.1224 -3.1072  -26.5196 
P -0.4899  -0.3158  -0.1831  0.4751   -2.2622  -0.5376  -0.0119  -0.2583  -0.4955  -4.1634  -3.7028  0.2480   -3.0171  -3.2492  12.9174  0.5611   -0.2833  -3.3232  -2.8143  -3.1798  -5.8322  -6.2186  -9.8790  -26.7020 
S 0.9313   0.1895   1.7043   1.3199   0.0330   0.9662   0.8349   0.7818   0.0678   -3.3930  -3.4109  0.7008   -1.9503  -3.2252  0.5611   4.1510   1.9544   -3.4790  -1.8717  -2.4567  -4.4949  -5.1123  -9.4040  -26.4498 
T 0.4069   -0.0949  0.7574   0.1649   -0.1537  0.2661   0.2449   -0.8299  -0.5243  -1.2387  -1.5565  0.0997   -0.5569  -1.7128  -0.2833  1.9544   3.4884   -2.6148  -1.0345  -0.2521  -5.5478  -5.7466  -7.4316  -26.2862 
W -2.4654  -2.4974  -4.5074  -6.0123  0.3355   -3.4592  -5.1719  -3.2609  -0.8540  -0.3683  0.4856   -3.8637  0.7939   4.1876   -3.3232  -3.4790  -2.6148  20.3596  5.0043   -1.2197  -11.2628 -10.4449 -5.8364  -26.6379 
Y -1.4376  -1.7515  -1.9435  -3.7493  -0.4141  -2.1289  -3.2384  -3.1835  1.7842   0.0011   0.3764   -2.4319  0.5038   4.6677   -2.8143  -1.8717  -1.0345  5.0043   9.2661   0.0026   -8.8421  -8.7769  -5.7676  -26.4482 
V 0.3975   -3.5044  -4.3147  -5.4477  1.4060   -3.5143  -4.4818  -3.4887  -3.1252  4.5846   2.9069   -4.0977  2.1869   1.5205   -3.1798  -2.4567  -0.2521  -1.2197  0.0026   5.2426   -10.8895 -10.0813 -2.4018  -26.4942 
B -7.2469  -4.9096  -3.6039  -2.5250  -9.2788  -4.0475  -2.7514  -5.3785  -4.8289  -11.7376 -11.5270 -4.1398  -10.0700 -11.2180 -5.8322  -4.4949  -5.5478  -11.2628 -8.8421  -10.8895 -4.1519  -9.2474  -17.6083 -32.4704 
Z -6.6360  -3.7965  -3.9463  -2.6572  -9.5741  -3.8632  -4.0750  -7.0857  -5.2635  -10.8152 -10.1899 -2.7861  -9.0011  -11.1224 -6.2186  -5.1123  -5.7466  -10.4449 -8.7769  -10.0813 -9.2474  -5.0478  -16.4276 -32.3941 
J -6.5762  -10.0674 -10.8401 -12.3716 -5.1093  -9.7515  -10.9105 -10.5159 -9.6613  -3.3345  -4.4767  -10.5125 -2.9357  -3.1072  -9.8790  -9.4040  -7.4316  -5.8364  -5.7676  -2.4018  -17.6083 -16.4276 -5.9922  -32.7479 
X -26.4605 -26.4501 -26.3532 -26.5780 -26.2516 -26.2620 -26.4832 -26.8953 -26.3731 -26.5549 -26.8724 -26.4186 -26.1425 -26.5196 -26.7020 -26.4498 -26.2862 -26.6379 -26.4482 -26.4942 -32.4704 -32.3941 -32.7479 -40.4551 