# Decimal PFASUM80 substitution matrix
# Rounded to 4 decimal digits
# Units = 1/2 Bits
# Entropy H = 0.723582 Bits
# Pfam seed version = 29.0
#
# For further information on the PFASUM substitution model, see 
#
#    PFASUM: A substitution matrix from Pfam structural alignments
#    Frank Keul, Martin Hess, Michael Goesele, Kay Hamacher
#    BMC Bioinformatics, 18(1), 2017
#    http://dx.doi.org/10.1186/s12859-017-1703-z
#
#    Project Website:
#    http://www.cbs.tu-darmstadt.de/PFASUM
#
  A        R        N        D        C        Q        E        G        H        I        L        K        M        F        P        S        T        W        Y        V        B        Z        J        X        
A 3.7358   -1.3955  -1.3143  -1.4329  0.1368   -0.7248  -0.7092  -0.1462  -1.6960  -1.3684  -1.4870  -1.0487  -0.9407  -2.1244  -0.7876  0.6964   -0.1276  -2.6282  -2.3040  -0.1993  -3.3831  -2.7149  -3.4418  -9.1374  
R -1.3955  5.3200   -0.4006  -1.2513  -2.8891  0.9011   -0.2695  -2.1940  0.2496   -3.1837  -2.7196  2.2021   -1.9749  -3.5239  -1.7575  -0.8366  -0.9505  -2.1385  -1.9568  -2.7695  -2.8678  -1.7842  -4.8858  -9.2031  
N -1.3143  -0.4006  5.7020   1.4951   -2.2140  0.2905   -0.0439  -0.3324  0.8359   -3.6127  -3.5194  0.2603   -2.3767  -3.3956  -1.4983  0.6836   -0.0211  -3.4127  -1.8363  -3.1464  0.6188   -1.9170  -5.5542  -9.0707  
D -1.4329  -1.2513  1.4951   5.5188   -3.8345  0.0708   1.8531   -0.9611  -0.5545  -4.8156  -4.4958  -0.4206  -3.6291  -4.7300  -1.0805  -0.0916  -0.8843  -4.2914  -3.2089  -4.0035  0.8424   -0.6799  -6.6121  -9.2246  
C 0.1368   -2.8891  -2.2140  -3.8345  9.7689   -3.0165  -3.9969  -2.1541  -1.9739  -1.1717  -1.3191  -3.5109  -1.0237  -1.2416  -3.4735  -0.3210  -0.7337  -2.0398  -1.3965  -0.2669  -5.0501  -5.5984  -3.2627  -9.3156  
Q -0.7248  0.9011   0.2905   0.0708   -3.0165  5.1917   1.4167   -1.7793  0.8061   -2.8971  -2.2662  1.1943   -0.9498  -3.2677  -1.2443  -0.2306  -0.4301  -2.8008  -1.9483  -2.3905  -1.8361  0.1983   -4.4880  -8.9810  
E -0.7092  -0.2695  -0.0439  1.8531   -3.9969  1.4167   4.7222   -1.7814  -0.6779  -3.6932  -3.5050  0.6418   -2.6108  -4.3501  -1.0696  -0.4503  -0.7001  -3.8297  -2.8756  -2.8531  -0.7898  0.3098   -5.5744  -9.1551  
G -0.1462  -2.1940  -0.3324  -0.9611  -2.1541  -1.7793  -1.7814  5.8201   -1.9648  -4.3681  -4.0810  -1.7591  -3.2652  -3.8126  -1.9312  -0.2046  -1.7280  -3.6331  -3.7113  -3.5006  -2.6837  -3.7806  -6.1858  -9.5101  
H -1.6960  0.2496   0.8359   -0.5545  -1.9739  0.8061   -0.6779  -1.9648  7.6036   -3.0875  -2.5500  -0.2305  -1.9534  -1.0956  -1.7297  -0.6904  -1.0937  -1.1095  1.2580   -2.7032  -1.8953  -2.0430  -4.7409  -9.1195  
I -1.3684  -3.1837  -3.6127  -4.8156  -1.1717  -2.8971  -3.6932  -4.3681  -3.0875  4.4096   1.6534   -3.1624  1.2161   0.0948   -3.2508  -2.8926  -1.1589  -1.8050  -1.5529  2.5416   -6.2551  -5.3758  -0.0381  -9.0948  
L -1.4870  -2.7196  -3.5194  -4.4958  -1.3191  -2.2662  -3.5050  -4.0810  -2.5500  1.6534   3.9549   -2.9468  1.8274   0.8840   -3.0991  -2.8714  -1.7564  -0.9799  -1.0529  0.7587   -6.0503  -4.9879  -0.1550  -9.3041  
K -1.0487  2.2021   0.2603   -0.4206  -3.5109  1.1943   0.6418   -1.7591  -0.2305  -3.1624  -2.9468  4.8155   -1.9526  -3.9428  -1.1355  -0.4218  -0.4963  -3.2425  -2.4766  -2.6695  -2.1186  -1.1435  -5.0261  -9.0820  
M -0.9407  -1.9749  -2.3767  -3.6291  -1.0237  -0.9498  -2.6108  -3.2652  -1.9534  1.2161   1.8274   -1.9526  6.4006   0.5043   -3.0795  -1.8019  -0.7900  -1.0446  -0.9247  0.4051   -5.0428  -3.8875  -0.3879  -8.9603  
F -2.1244  -3.5239  -3.3956  -4.7300  -1.2416  -3.2677  -4.3501  -3.8126  -1.0956  0.0948   0.8840   -3.9428  0.5043   6.1735   -3.5375  -2.8195  -2.2750  1.7296   2.9241   -0.4734  -6.1006  -5.9054  -1.3886  -9.2294  
P -0.7876  -1.7575  -1.4983  -1.0805  -3.4735  -1.2443  -1.0696  -1.9312  -1.7297  -3.2508  -3.0991  -1.1355  -3.0795  -3.5375  7.0093   -0.3736  -1.1428  -3.3654  -3.2537  -2.4360  -3.2464  -3.1323  -5.1553  -9.4309  
S 0.6964   -0.8366  0.6836   -0.0916  -0.3210  -0.2306  -0.4503  -0.2046  -0.6904  -2.8926  -2.8714  -0.4218  -1.8019  -2.8195  -0.3736  4.0830   1.4105   -2.9589  -2.2288  -2.0569  -1.7446  -2.3679  -4.8794  -9.0307  
T -0.1276  -0.9505  -0.0211  -0.8843  -0.7337  -0.4301  -0.7001  -1.7280  -1.0937  -1.1589  -1.7564  -0.4963  -0.7900  -2.2750  -1.1428  1.4105   4.5972   -2.7885  -2.0781  -0.3033  -2.4947  -2.5983  -3.5166  -9.0459  
W -2.6282  -2.1385  -3.4127  -4.2914  -2.0398  -2.8008  -3.8297  -3.6331  -1.1095  -1.8050  -0.9799  -3.2425  -1.0446  1.7296   -3.3654  -2.9589  -2.7885  10.1453  2.2072   -2.1127  -5.8942  -5.4093  -3.2637  -9.4010  
Y -2.3040  -1.9568  -1.8363  -3.2089  -1.3965  -1.9483  -2.8756  -3.7113  1.2580   -1.5529  -1.0529  -2.4766  -0.9247  2.9241   -3.2537  -2.2288  -2.0781  2.2072   7.0709   -1.6554  -4.5592  -4.5007  -3.2312  -9.2636  
V -0.1993  -2.7695  -3.1464  -4.0035  -0.2669  -2.3905  -2.8531  -3.5006  -2.7032  2.5416   0.7587   -2.6695  0.4051   -0.4734  -2.4360  -2.0569  -0.3033  -2.1127  -1.6554  4.0922   -5.6169  -4.6751  -0.4357  -9.1106  
B -3.3831  -2.8678  0.6188   0.8424   -5.0501  -1.8361  -0.7898  -2.6837  -1.8953  -6.2551  -6.0503  -2.1186  -5.0428  -6.1006  -3.2464  -1.7446  -2.4947  -5.8942  -4.5592  -5.6169  1.6643   -3.1303  -8.1258  -11.1601 
Z -2.7149  -1.7842  -1.9170  -0.6799  -5.5984  0.1983   0.3098   -3.7806  -2.0430  -5.3758  -4.9879  -1.1435  -3.8875  -5.9054  -3.1323  -2.3679  -2.5983  -5.4093  -4.5007  -4.6751  -3.1303  1.0470   -7.1279  -11.0906 
J -3.4418  -4.8858  -5.5542  -6.6121  -3.2627  -4.4880  -5.5744  -6.1858  -4.7409  -0.0381  -0.1550  -5.0261  -0.3879  -1.3886  -5.1553  -4.8794  -3.5166  -3.2637  -3.2312  -0.4357  -8.1258  -7.1279  0.2541   -11.2239 
X -9.1374  -9.2031  -9.0707  -9.2246  -9.3156  -8.9810  -9.1551  -9.5101  -9.1195  -9.0948  -9.3041  -9.0820  -8.9603  -9.2294  -9.4309  -9.0307  -9.0459  -9.4010  -9.2636  -9.1106  -11.1601 -11.0906 -11.2239 -13.8257 