# Decimal PFASUM95 substitution matrix
# Rounded to 4 decimal digits
# Units = 1/2 Bits
# Entropy H = 0.731707 Bits
# Pfam seed version = 29.0
#
# For further information on the PFASUM substitution model, see 
#
#    PFASUM: A substitution matrix from Pfam structural alignments
#    Frank Keul, Martin Hess, Michael Goesele, Kay Hamacher
#    BMC Bioinformatics, 18(1), 2017
#    http://dx.doi.org/10.1186/s12859-017-1703-z
#
#    Project Website:
#    http://www.cbs.tu-darmstadt.de/PFASUM
#
  A        R        N        D        C        Q        E        G        H        I        L        K        M        F        P        S        T        W        Y        V        B        Z        J        X        
A 3.7587   -1.4161  -1.3181  -1.4456  0.1183   -0.7373  -0.7226  -0.1446  -1.7088  -1.3758  -1.5031  -1.0635  -0.9502  -2.1411  -0.7922  0.6930   -0.1237  -2.6535  -2.3219  -0.2011  -3.3920  -2.7280  -3.4546  -9.1401  
R -1.4161  5.3433   -0.4181  -1.2792  -2.9030  0.8869   -0.2994  -2.2049  0.2377   -3.2033  -2.7380  2.2033   -1.9900  -3.5479  -1.7825  -0.8600  -0.9726  -2.1566  -1.9826  -2.7885  -2.8906  -1.8066  -4.9044  -9.2088  
N -1.3181  -0.4181  5.7273   1.4823   -2.2307  0.2746   -0.0624  -0.3423  0.8327   -3.6175  -3.5281  0.2416   -2.3853  -3.4080  -1.5130  0.6794   -0.0267  -3.4326  -1.8489  -3.1492  0.6292   -1.9344  -5.5614  -9.0744  
D -1.4456  -1.2792  1.4823   5.5392   -3.8594  0.0489   1.8618   -0.9714  -0.5716  -4.8273  -4.5073  -0.4457  -3.6451  -4.7473  -1.1069  -0.1131  -0.9041  -4.3124  -3.2213  -4.0105  0.8542   -0.6787  -6.6235  -9.2287  
C 0.1183   -2.9030  -2.2307  -3.8594  9.7750   -3.0344  -4.0285  -2.1646  -1.9837  -1.1894  -1.3406  -3.5428  -1.0458  -1.2613  -3.4841  -0.3279  -0.7470  -2.0490  -1.4020  -0.2826  -5.0704  -5.6237  -3.2828  -9.3221  
Q -0.7373  0.8869   0.2746   0.0489   -3.0344  5.2305   1.4002   -1.7937  0.8129   -2.9103  -2.2737  1.1772   -0.9618  -3.2886  -1.2470  -0.2489  -0.4458  -2.8263  -1.9682  -2.4017  -1.8554  0.2108   -4.4970  -8.9865  
E -0.7226  -0.2994  -0.0624  1.8618   -4.0285  1.4002   4.7483   -1.7887  -0.6984  -3.7106  -3.5210  0.6162   -2.6262  -4.3746  -1.0961  -0.4749  -0.7236  -3.8584  -2.8992  -2.8642  -0.7885  0.3242   -5.5909  -9.1609  
G -0.1446  -2.2049  -0.3423  -0.9714  -2.1646  -1.7937  -1.7887  5.8302   -1.9816  -4.3729  -4.0938  -1.7747  -3.2728  -3.8268  -1.9446  -0.2069  -1.7321  -3.6485  -3.7264  -3.4986  -2.6937  -3.7905  -6.1956  -9.5120  
H -1.7088  0.2377   0.8327   -0.5716  -1.9837  0.8129   -0.6984  -1.9816  7.6197   -3.1016  -2.5594  -0.2496  -1.9717  -1.1071  -1.7309  -0.7032  -1.1080  -1.1292  1.2592   -2.7177  -1.9049  -2.0497  -4.7516  -9.1234  
I -1.3758  -3.2033  -3.6175  -4.8273  -1.1894  -2.9103  -3.7106  -4.3729  -3.1016  4.4373   1.6497   -3.1824  1.2186   0.0842   -3.2694  -2.9064  -1.1628  -1.8244  -1.5707  2.5464   -6.2632  -5.3912  -0.0283  -9.0976  
L -1.5031  -2.7380  -3.5281  -4.5073  -1.3406  -2.2737  -3.5210  -4.0938  -2.5594  1.6497   3.9764   -2.9656  1.8262   0.8741   -3.1101  -2.8852  -1.7663  -1.0056  -1.0685  0.7516   -6.0604  -4.9996  -0.1422  -9.3084  
K -1.0635  2.2033   0.2416   -0.4457  -3.5428  1.1772   0.6162   -1.7747  -0.2496  -3.1824  -2.9656  4.8471   -1.9650  -3.9724  -1.1624  -0.4472  -0.5145  -3.2633  -2.5047  -2.6861  -2.1407  -1.1655  -5.0452  -9.0886  
M -0.9502  -1.9900  -2.3853  -3.6451  -1.0458  -0.9618  -2.6262  -3.2728  -1.9717  1.2186   1.8262   -1.9650  6.4265   0.4921   -3.0892  -1.8194  -0.7929  -1.0641  -0.9444  0.4065   -5.0549  -3.9009  -0.3876  -8.9641  
F -2.1411  -3.5479  -3.4080  -4.7473  -1.2613  -3.2886  -4.3746  -3.8268  -1.1071  0.0842   0.8741   -3.9724  0.4921   6.1980   -3.5658  -2.8384  -2.2912  1.7179   2.9268   -0.4860  -6.1153  -5.9281  -1.3983  -9.2347  
P -0.7922  -1.7825  -1.5130  -1.1069  -3.4841  -1.2470  -1.0961  -1.9446  -1.7309  -3.2694  -3.1101  -1.1624  -3.0892  -3.5658  7.0126   -0.3779  -1.1497  -3.4000  -3.2807  -2.4479  -3.2684  -3.1504  -5.1690  -9.4357  
S 0.6930   -0.8600  0.6794   -0.1131  -0.3279  -0.2489  -0.4749  -0.2069  -0.7032  -2.9064  -2.8852  -0.4472  -1.8194  -2.8384  -0.3779  4.1068   1.4033   -2.9846  -2.2509  -2.0667  -1.7578  -2.3900  -4.8932  -9.0361  
T -0.1237  -0.9726  -0.0267  -0.9041  -0.7470  -0.4458  -0.7236  -1.7321  -1.1080  -1.1628  -1.7663  -0.5145  -0.7929  -2.2912  -1.1497  1.4033   4.6217   -2.8098  -2.0985  -0.3068  -2.5075  -2.6188  -3.5243  -9.0496  
W -2.6535  -2.1566  -3.4326  -4.3124  -2.0490  -2.8263  -3.8584  -3.6485  -1.1292  -1.8244  -1.0056  -3.2633  -1.0641  1.7179   -3.4000  -2.9846  -2.8098  10.1690  2.1938   -2.1381  -5.9146  -5.4364  -3.2871  -9.4083  
Y -2.3219  -1.9826  -1.8489  -3.2213  -1.4020  -1.9682  -2.8992  -3.7264  1.2592   -1.5707  -1.0685  -2.5047  -0.9444  2.9268   -3.2807  -2.2509  -2.0985  2.1938   7.0953   -1.6740  -4.5717  -4.5225  -3.2473  -9.2687  
V -0.2011  -2.7885  -3.1492  -4.0105  -0.2826  -2.4017  -2.8642  -3.4986  -2.7177  2.5464   0.7516   -2.6861  0.4065   -0.4860  -2.4479  -2.0667  -0.3068  -2.1381  -1.6740  4.1158   -5.6218  -4.6861  -0.4375  -9.1137  
B -3.3920  -2.8906  0.6292   0.8542   -5.0704  -1.8554  -0.7885  -2.6937  -1.9049  -6.2632  -6.0604  -2.1407  -5.0549  -6.1153  -3.2684  -1.7578  -2.5075  -5.9146  -4.5717  -5.6218  1.6864   -3.1351  -8.1350  -11.1641 
Z -2.7280  -1.8066  -1.9344  -0.6787  -5.6237  0.2108   0.3242   -3.7905  -2.0497  -5.3912  -4.9996  -1.1655  -3.9009  -5.9281  -3.1504  -2.3900  -2.6188  -5.4364  -4.5225  -4.6861  -3.1351  1.0763   -7.1408  -11.0963 
J -3.4546  -4.9044  -5.5614  -6.6235  -3.2828  -4.4970  -5.5909  -6.1956  -4.7516  -0.0283  -0.1422  -5.0452  -0.3876  -1.3983  -5.1690  -4.8932  -3.5243  -3.2871  -3.2473  -0.4375  -8.1350  -7.1408  0.2784   -11.2277 
X -9.1401  -9.2088  -9.0744  -9.2287  -9.3221  -8.9865  -9.1609  -9.5120  -9.1234  -9.0976  -9.3084  -9.0886  -8.9641  -9.2347  -9.4357  -9.0361  -9.0496  -9.4083  -9.2687  -9.1137  -11.1641 -11.0963 -11.2277 -13.8299 