# Decimal PFASUM19 substitution matrix
# Rounded to 4 decimal digits
# Units = 1/6 Bits
# Entropy H = 0.130052 Bits
# Pfam seed version = 29.0
#
# For further information on the PFASUM substitution model, see 
#
#    PFASUM: A substitution matrix from Pfam structural alignments
#    Frank Keul, Martin Hess, Michael Goesele, Kay Hamacher
#    BMC Bioinformatics, 18(1), 2017
#    http://dx.doi.org/10.1186/s12859-017-1703-z
#
#    Project Website:
#    http://www.cbs.tu-darmstadt.de/PFASUM
#
  A        R        N        D        C        Q        E        G        H        I        L        K        M        F        P        S        T        W        Y        V        B        Z        J        X        
A 4.3026   -1.0447  -1.0838  -1.4601  1.3397   -0.5650  -0.6412  0.8635   -1.8624  -0.6618  -0.6551  -1.0253  -0.0804  -1.7033  -0.6137  0.9289   0.4373   -2.5374  -1.5624  0.2962   -7.2807  -6.6103  -6.6577  -26.4937 
R -1.0447  8.0575   1.3756   0.8732   -2.7496  2.7591   1.9710   -1.5359  1.3823   -4.7160  -3.8337  4.4793   -2.3527  -4.4952  -0.4337  0.1581   -0.1945  -2.5484  -1.7995  -3.6254  -4.8863  -3.7011  -10.1638 -26.4753 
N -1.0838  1.3756   6.4306   3.8582   -2.8874  2.0959   2.0711   0.9244   1.7171   -4.9555  -4.6947  2.0902   -3.1381  -4.2966  -0.0288  1.6946   0.8237   -4.3044  -1.9175  -4.3075  -3.5908  -3.9188  -10.7944 -26.3511 
D -1.4601  0.8732   3.8582   9.4062   -3.9530  1.8613   4.3848   0.1368   0.4085   -6.8202  -6.3690  1.7850   -5.1699  -6.4501  0.6233   1.3387   0.0567   -5.7705  -3.8641  -5.4749  -2.3778  -2.5508  -12.5404 -26.6048 
C 1.3397   -2.7496  -2.8874  -3.9530  17.1231  -3.8113  -4.1641  -1.2881  -1.0529  0.7985   0.8461   -4.0721  1.2068   0.9033   -2.1727  -0.0088  -0.2994  -0.2502  -0.3327  1.3084   -9.4343  -10.0194 -5.1722  -26.2900 
Q -0.5650  2.7591   2.0959   1.8613   -3.8113  6.3393   3.5744   -1.1249  1.5010   -4.2081  -3.4620  3.1096   -2.0939  -4.4409  -0.7252  0.8202   0.2163   -3.5052  -2.1094  -3.6506  -4.0273  -3.5946  -9.7425  -26.2768 
E -0.6412  1.9710   2.0711   4.3848   -4.1641  3.5744   7.1181   -1.3189  0.1414   -5.4456  -4.7812  3.3299   -3.6574  -5.9653  -0.1646  0.7755   0.2640   -5.3133  -3.2607  -4.5529  -2.6295  -3.8016  -11.0317 -26.4933 
G 0.8635   -1.5359  0.9244   0.1368   -1.2881  -1.1249  -1.3189  11.1248  -1.3598  -4.7489  -4.5799  -1.1791  -2.9487  -3.8224  -0.4103  0.8805   -0.7120  -3.2618  -3.1922  -3.7750  -5.4830  -7.2398  -10.6448 -26.9311 
H -1.8624  1.3823   1.7171   0.4085   -1.0529  1.5010   0.1414   -1.3598  15.0490  -4.2519  -3.6653  0.5665   -2.2998  -1.8358  -0.2670  -0.0517  -0.8724  -0.9104  1.5575   -3.5387  -4.9499  -5.2819  -9.8871  -26.4556 
I -0.6618  -4.7160  -4.9555  -6.8202  0.7985   -4.2081  -5.4456  -4.7489  -4.2519  6.0842   4.0480   -4.7604  2.7860   2.5985   -3.8839  -3.4953  -1.2940  -0.5228  -0.0145  4.6435   -11.8910 -10.9228 -3.2761  -26.5639 
L -0.6551  -3.8337  -4.6947  -6.3690  0.8461   -3.4620  -4.7812  -4.5799  -3.6653  4.0480   5.4238   -4.4230  3.2610   3.0276   -3.6927  -3.3469  -1.6257  0.4761   0.3693   2.8606   -11.5393 -10.2223 -4.4894  -26.8800 
K -1.0253  4.4793   2.0902   1.7850   -4.0721  3.1096   3.3299   -1.1791  0.5665   -4.7604  -4.4230  6.7455   -3.1379  -5.2071  0.0469   0.5368   0.1185   -4.0096  -2.5343  -4.1025  -4.0698  -2.7587  -10.5517 -26.4376 
M -0.0804  -2.3527  -3.1381  -5.1699  1.2068   -2.0939  -3.6574  -2.9487  -2.2998  2.7860   3.2610   -3.1379  6.0661   2.2695   -3.1599  -1.8798  -0.4432  0.6278   0.6223   2.1592   -10.1525 -8.9897  -2.9193  -26.1363 
F -1.7033  -4.4952  -4.2966  -6.4501  0.9033   -4.4409  -5.9653  -3.8224  -1.8358  2.5985   3.0276   -5.2071  2.2695   8.1740   -3.1628  -3.0975  -1.8360  3.8638   4.7066   1.4870   -11.3680 -11.3151 -3.1356  -26.5360 
P -0.6137  -0.4337  -0.0288  0.6233   -2.1727  -0.7252  -0.1646  -0.4103  -0.2670  -3.8839  -3.6927  0.0469   -3.1599  -3.1628  13.0379  0.5144   -0.2704  -2.8768  -2.8226  -2.9975  -5.6780  -6.3874  -9.7660  -26.7077 
S 0.9289   0.1581   1.6946   1.3387   -0.0088  0.8202   0.7755   0.8805   -0.0517  -3.4953  -3.3469  0.5368   -1.8798  -3.0975  0.5144   4.3484   2.0280   -3.2267  -1.9507  -2.4572  -4.4917  -5.2063  -9.4039  -26.4540 
T 0.4373   -0.1945  0.8237   0.0567   -0.2994  0.2163   0.2640   -0.7120  -0.8724  -1.2940  -1.6257  0.1185   -0.4432  -1.8360  -0.2704  2.0280   3.8186   -2.6342  -1.1327  -0.2781  -5.5732  -5.7553  -7.4961  -26.2963 
W -2.5374  -2.5484  -4.3044  -5.7705  -0.2502  -3.5052  -5.3133  -3.2618  -0.9104  -0.5228  0.4761   -4.0096  0.6278   3.8638   -2.8768  -3.2267  -2.6342  20.2463  5.0344   -1.1206  -11.0484 -10.5348 -5.8960  -26.6416 
Y -1.5624  -1.7995  -1.9175  -3.8641  -0.3327  -2.1094  -3.2607  -3.1922  1.5575   -0.0145  0.3693   -2.5343  0.6223   4.7066   -2.8226  -1.9507  -1.1327  5.0344   9.3121   -0.0296  -8.8918  -8.7757  -5.7769  -26.4578 
V 0.2962   -3.6254  -4.3075  -5.4749  1.3084   -3.6506  -4.5529  -3.7750  -3.5387  4.6435   2.8606   -4.1025  2.1592   1.4870   -2.9975  -2.4572  -0.2781  -1.1206  -0.0296  5.4028   -10.9049 -10.1760 -2.4069  -26.5060 
B -7.2807  -4.8863  -3.5908  -2.3778  -9.4343  -4.0273  -2.6295  -5.4830  -4.9499  -11.8910 -11.5393 -4.0698  -10.1525 -11.3680 -5.6780  -4.4917  -5.5732  -11.0484 -8.8918  -10.9049 -3.7598  -9.1688  -17.6734 -32.4844 
Z -6.6103  -3.7011  -3.9188  -2.5508  -10.0194 -3.5946  -3.8016  -7.2398  -5.2819  -10.9228 -10.2223 -2.7587  -8.9897  -11.3151 -6.3874  -5.2063  -5.7553  -10.5348 -8.7757  -10.1760 -9.1688  -4.8149  -16.4861 -32.4052 
J -6.6577  -10.1638 -10.7944 -12.5404 -5.1722  -9.7425  -11.0317 -10.6448 -9.8871  -3.2761  -4.4894  -10.5517 -2.9193  -3.1356  -9.7660  -9.4039  -7.4961  -5.8960  -5.7769  -2.4069  -17.6734 -16.4861 -5.9458  -32.7568 
X -26.4937 -26.4753 -26.3511 -26.6048 -26.2900 -26.2768 -26.4933 -26.9311 -26.4556 -26.5639 -26.8800 -26.4376 -26.1363 -26.5360 -26.7077 -26.4540 -26.2963 -26.6416 -26.4578 -26.5060 -32.4844 -32.4052 -32.7568 -40.4719 