# Decimal PFASUM34 substitution matrix
# Rounded to 4 decimal digits
# Units = 1/4 Bits
# Entropy H = 0.255071 Bits
# Pfam seed version = 29.0
#
# For further information on the PFASUM substitution model, see 
#
#    PFASUM: A substitution matrix from Pfam structural alignments
#    Frank Keul, Martin Hess, Michael Goesele, Kay Hamacher
#    BMC Bioinformatics, 18(1), 2017
#    http://dx.doi.org/10.1186/s12859-017-1703-z
#
#    Project Website:
#    http://www.cbs.tu-darmstadt.de/PFASUM
#
  A        R        N        D        C        Q        E        G        H        I        L        K        M        F        P        S        T        W        Y        V        B        Z        J        X        
A 4.3114   -1.0796  -1.3666  -1.4812  0.6529   -0.5110  -0.6959  0.4395   -1.7588  -0.9442  -0.9098  -1.1185  -0.2800  -1.7190  -0.6086  0.8717   0.1228   -2.3931  -2.0435  0.2302   -5.4300  -4.6244  -4.9228  -17.8125 
R -1.0796  7.1292   0.3989   -0.1820  -3.3361  2.0832   1.0771   -1.8077  1.0656   -3.8470  -3.2856  3.4624   -2.1407  -3.9609  -1.0253  -0.2510  -0.3926  -2.1476  -1.7579  -3.1371  -3.9165  -2.5168  -7.4916  -17.8268 
N -1.3666  0.3989   6.9932   2.8563   -2.7884  1.2039   1.0267   0.4804   1.1949   -4.5118  -4.4587  1.3840   -2.8052  -4.0543  -0.8072  1.4053   0.5467   -3.9462  -1.8785  -3.9140  -1.0824  -2.9048  -8.4787  -17.7127 
D -1.4812  -0.1820  2.8563   7.9059   -4.5535  1.1819   3.2313   -0.3330  -0.0300  -5.9296  -5.6450  0.7948   -4.3395  -5.7577  -0.1444  0.7162   -0.2923  -5.0645  -3.6043  -4.9221  -0.5373  -1.4700  -9.7510  -17.9220 
C 0.6529   -3.3361  -2.7884  -4.5535  16.4548  -3.5216  -4.5353  -1.9828  -1.8940  -0.2127  -0.4463  -4.0384  -0.0808  -0.3436  -3.5843  -0.3525  -0.7346  -1.7623  -0.9066  0.5460   -7.7017  -8.1259  -4.3568  -17.9409 
Q -0.5110  2.0832   1.2039   1.1819   -3.5216  5.8134   2.7076   -1.4902  1.2100   -3.6301  -3.0804  2.3374   -1.3466  -3.9192  -0.8482  0.4330   0.1627   -3.0919  -1.8865  -2.9566  -2.8082  -1.6185  -7.2822  -17.5837 
E -0.6959  1.0771   1.0267   3.2313   -4.5353  2.7076   6.3048   -1.5835  -0.0325  -4.6482  -4.4291  2.1401   -3.1207  -5.2275  -0.4923  0.2721   -0.1050  -4.5358  -3.0224  -3.6938  -1.6468  -1.5376  -8.5110  -17.8184 
G 0.4395   -1.8077  0.4804   -0.3330  -1.9828  -1.4902  -1.5835  9.0308   -1.7718  -4.7362  -4.4502  -1.4973  -3.1539  -3.8753  -1.0650  0.5264   -1.2053  -3.6524  -3.6023  -3.6579  -3.9572  -5.5476  -8.5567  -18.2584 
H -1.7588  1.0656   1.1949   -0.0300  -1.8940  1.2100   -0.0325  -1.7718  11.8633  -3.6811  -3.1593  0.2945   -2.0058  -1.5794  -1.2579  -0.4194  -0.8675  -0.8737  1.7198   -3.0847  -3.4531  -3.5248  -7.3512  -17.7848 
I -0.9442  -3.8470  -4.5118  -5.9296  -0.2127  -3.6301  -4.6482  -4.7362  -3.6811  5.5744   3.1720   -3.9346  2.2734   1.6403   -3.5606  -3.1941  -1.2950  -1.1101  -0.7224  3.9045   -9.2561  -8.2370  -1.3817  -17.8091 
L -0.9098  -3.2856  -4.4587  -5.6450  -0.4463  -3.0804  -4.4291  -4.4502  -3.1593  3.1720   5.1335   -3.9004  2.9335   2.3077   -3.4545  -3.2570  -1.8490  -0.0963  -0.3542  2.0379   -9.0873  -7.8750  -2.0086  -18.1016 
K -1.1185  3.4624   1.3840   0.7948   -4.0384  2.3374   2.1401   -1.4973  0.2945   -3.9346  -3.9004  6.2028   -2.5327  -4.6888  -0.5216  0.2300   0.0101   -3.7681  -2.4632  -3.4092  -2.9358  -1.7836  -7.9133  -17.7388 
M -0.2800  -2.1407  -2.8052  -4.3395  -0.0808  -1.3466  -3.1207  -3.1539  -2.0058  2.2734   2.9335   -2.5327  6.8788   1.7342   -3.0792  -1.7204  -0.6832  -0.1510  0.0233   1.3965   -7.6067  -6.3758  -1.3074  -17.4925 
F -1.7190  -3.9609  -4.0543  -5.7577  -0.3436  -3.9192  -5.2275  -3.8753  -1.5794  1.6403   2.3077   -4.6888  1.7342   7.8875   -3.5598  -3.0301  -2.1544  3.3129   4.2763   0.7919   -8.9380  -8.6911  -1.9358  -17.8529 
P -0.6086  -1.0253  -0.8072  -0.1444  -3.5843  -0.8482  -0.4923  -1.0650  -1.2579  -3.5606  -3.4545  -0.5216  -3.0792  -3.5598  10.8164  0.1636   -0.6501  -3.2081  -3.2050  -2.5866  -4.4297  -4.6260  -7.4944  -18.0884 
S 0.8717   -0.2510  1.4053   0.7162   -0.3525  0.4330   0.2721   0.5264   -0.4194  -3.1941  -3.2570  0.2300   -1.7204  -3.0301  0.1636   4.3450   2.0228   -3.1495  -2.1250  -2.2451  -2.9673  -3.6658  -7.2331  -17.7068 
T 0.1228   -0.3926  0.5467   -0.2923  -0.7346  0.1627   -0.1050  -1.2053  -0.8675  -1.2950  -1.8490  0.0101   -0.6832  -2.1544  -0.6501  2.0228   4.8641   -2.7698  -1.7102  -0.2760  -3.9042  -4.0011  -5.6331  -17.6606 
W -2.3931  -2.1476  -3.9462  -5.0645  -1.7623  -3.0919  -4.5358  -3.6524  -0.8737  -1.1101  -0.0963  -3.7681  -0.1510  3.3129   -3.2081  -3.1495  -2.7698  16.1773  4.1805   -1.4975  -8.5405  -7.9397  -4.4592  -18.0201 
Y -2.0435  -1.7579  -1.8785  -3.6043  -0.9066  -1.8865  -3.0224  -3.6023  1.7198   -0.7224  -0.3542  -2.4632  0.0233   4.2763   -3.2050  -2.1250  -1.7102  4.1805   9.6524   -0.8463  -6.7729  -6.5608  -4.4908  -17.8795 
V 0.2302   -3.1371  -3.9140  -4.9221  0.5460   -2.9566  -3.6938  -3.6579  -3.0847  3.9045   2.0379   -3.4092  1.3965   0.7919   -2.5866  -2.2451  -0.2760  -1.4975  -0.8463  4.9954   -8.4521  -7.4004  -1.1834  -17.7936 
B -5.4300  -3.9165  -1.0824  -0.5373  -7.7017  -2.8082  -1.6468  -3.9572  -3.4531  -9.2561  -9.0873  -2.9358  -7.6067  -8.9380  -4.4297  -2.9673  -3.9042  -8.5405  -6.7729  -8.4521  -0.3629  -6.0643  -13.1506 -21.8291 
Z -4.6244  -2.5168  -2.9048  -1.4700  -8.1259  -1.6185  -1.5376  -5.5476  -3.5248  -8.2370  -7.8750  -1.7836  -6.3758  -8.6911  -4.6260  -3.6658  -4.0011  -7.9397  -6.5608  -7.4004  -6.0643  -1.5189  -12.0093 -21.7285 
J -4.9228  -7.4916  -8.4787  -9.7510  -4.3568  -7.2822  -8.5110  -8.5567  -7.3512  -1.3817  -2.0086  -7.9133  -1.3074  -1.9358  -7.4944  -7.2331  -5.6331  -4.4592  -4.4908  -1.1834  -13.1506 -12.0093 -2.4119  -21.9900 
X -17.8125 -17.8268 -17.7127 -17.9220 -17.9409 -17.5837 -17.8184 -18.2584 -17.7848 -17.8091 -18.1016 -17.7388 -17.4925 -17.8529 -18.0884 -17.7068 -17.6606 -18.0201 -17.8795 -17.7936 -21.8291 -21.7285 -21.9900 -27.1444 