# Decimal PFASUM90 substitution matrix
# Rounded to 4 decimal digits
# Units = 1/2 Bits
# Entropy H = 0.731428 Bits
# Pfam seed version = 29.0
#
# For further information on the PFASUM substitution model, see 
#
#    PFASUM: A substitution matrix from Pfam structural alignments
#    Frank Keul, Martin Hess, Michael Goesele, Kay Hamacher
#    BMC Bioinformatics, 18(1), 2017
#    http://dx.doi.org/10.1186/s12859-017-1703-z
#
#    Project Website:
#    http://www.cbs.tu-darmstadt.de/PFASUM
#
  A        R        N        D        C        Q        E        G        H        I        L        K        M        F        P        S        T        W        Y        V        B        Z        J        X        
A 3.7577   -1.4153  -1.3179  -1.4452  0.1200   -0.7369  -0.7221  -0.1448  -1.7086  -1.3758  -1.5028  -1.0627  -0.9499  -2.1408  -0.7921  0.6936   -0.1238  -2.6532  -2.3214  -0.2012  -3.3918  -2.7275  -3.4543  -9.1400  
R -1.4153  5.3424   -0.4173  -1.2783  -2.9032  0.8878   -0.2980  -2.2053  0.2380   -3.2028  -2.7375  2.2039   -1.9896  -3.5475  -1.7816  -0.8590  -0.9715  -2.1562  -1.9819  -2.7879  -2.8898  -1.8055  -4.9039  -9.2086  
N -1.3179  -0.4173  5.7263   1.4832   -2.2298  0.2753   -0.0616  -0.3422  0.8334   -3.6176  -3.5282  0.2426   -2.3855  -3.4078  -1.5124  0.6799   -0.0260  -3.4328  -1.8485  -3.1494  0.6289   -1.9336  -5.5615  -9.0742  
D -1.4452  -1.2783  1.4832   5.5385   -3.8590  0.0501   1.8618   -0.9713  -0.5703  -4.8277  -4.5074  -0.4444  -3.6449  -4.7477  -1.1056  -0.1119  -0.9032  -4.3118  -3.2211  -4.0108  0.8539   -0.6784  -6.6237  -9.2285  
C 0.1200   -2.9032  -2.2298  -3.8590  9.7744   -3.0337  -4.0283  -2.1641  -1.9829  -1.1884  -1.3392  -3.5417  -1.0444  -1.2604  -3.4842  -0.3267  -0.7458  -2.0479  -1.4023  -0.2813  -5.0698  -5.6233  -3.2816  -9.3217  
Q -0.7369  0.8878   0.2753   0.0501   -3.0337  5.2289   1.4013   -1.7935  0.8123   -2.9101  -2.2735  1.1784   -0.9610  -3.2884  -1.2475  -0.2479  -0.4450  -2.8255  -1.9674  -2.4016  -1.8544  0.2105   -4.4968  -8.9863  
E -0.7221  -0.2980  -0.0616  1.8618   -4.0283  1.4013   4.7473   -1.7889  -0.6977  -3.7107  -3.5209  0.6178   -2.6260  -4.3747  -1.0951  -0.4737  -0.7226  -3.8578  -2.8983  -2.8641  -0.7882  0.3238   -5.5908  -9.1607  
G -0.1448  -2.2053  -0.3422  -0.9713  -2.1641  -1.7935  -1.7889  5.8301   -1.9812  -4.3734  -4.0942  -1.7743  -3.2732  -3.8269  -1.9445  -0.2068  -1.7323  -3.6486  -3.7266  -3.4998  -2.6936  -3.7906  -6.1961  -9.5121  
H -1.7086  0.2380   0.8334   -0.5703  -1.9829  0.8123   -0.6977  -1.9812  7.6190   -3.1014  -2.5593  -0.2487  -1.9714  -1.1061  -1.7317  -0.7026  -1.1074  -1.1282  1.2594   -2.7176  -1.9040  -2.0496  -4.7515  -9.1233  
I -1.3758  -3.2028  -3.6176  -4.8277  -1.1884  -2.9101  -3.7107  -4.3734  -3.1014  4.4358   1.6500   -3.1818  1.2187   0.0845   -3.2688  -2.9063  -1.1626  -1.8245  -1.5701  2.5465   -6.2634  -5.3912  -0.0288  -9.0975  
L -1.5028  -2.7375  -3.5282  -4.5074  -1.3392  -2.2735  -3.5209  -4.0942  -2.5593  1.6500   3.9755   -2.9648  1.8266   0.8743   -3.1101  -2.8849  -1.7659  -1.0053  -1.0680  0.7519   -6.0605  -4.9995  -0.1427  -9.3083  
K -1.0627  2.2039   0.2426   -0.4444  -3.5417  1.1784   0.6178   -1.7743  -0.2487  -3.1818  -2.9648  4.8455   -1.9642  -3.9718  -1.1609  -0.4459  -0.5135  -3.2628  -2.5037  -2.6853  -2.1395  -1.1641  -5.0445  -9.0882  
M -0.9499  -1.9896  -2.3855  -3.6449  -1.0444  -0.9610  -2.6260  -3.2732  -1.9714  1.2187   1.8266   -1.9642  6.4247   0.4931   -3.0892  -1.8187  -0.7925  -1.0637  -0.9432  0.4065   -5.0550  -3.9004  -0.3873  -8.9639  
F -2.1408  -3.5475  -3.4078  -4.7477  -1.2604  -3.2884  -4.3747  -3.8269  -1.1061  0.0845   0.8743   -3.9718  0.4931   6.1968   -3.5649  -2.8381  -2.2904  1.7189   2.9272   -0.4859  -6.1154  -5.9281  -1.3981  -9.2345  
P -0.7921  -1.7816  -1.5124  -1.1056  -3.4842  -1.2475  -1.0951  -1.9445  -1.7317  -3.2688  -3.1101  -1.1609  -3.0892  -3.5649  7.0130   -0.3780  -1.1495  -3.3986  -3.2800  -2.4475  -3.2673  -3.1500  -5.1688  -9.4356  
S 0.6936   -0.8590  0.6799   -0.1119  -0.3267  -0.2479  -0.4737  -0.2068  -0.7026  -2.9063  -2.8849  -0.4459  -1.8187  -2.8381  -0.3780  4.1058   1.4044   -2.9838  -2.2499  -2.0666  -1.7569  -2.3890  -4.8929  -9.0358  
T -0.1238  -0.9715  -0.0260  -0.9032  -0.7458  -0.4450  -0.7226  -1.7323  -1.1074  -1.1626  -1.7659  -0.5135  -0.7925  -2.2904  -1.1495  1.4044   4.6203   -2.8088  -2.0976  -0.3063  -2.5067  -2.6178  -3.5239  -9.0494  
W -2.6532  -2.1562  -3.4328  -4.3118  -2.0479  -2.8255  -3.8578  -3.6486  -1.1282  -1.8245  -1.0053  -3.2628  -1.0637  1.7189   -3.3986  -2.9838  -2.8088  10.1677  2.1945   -2.1374  -5.9144  -5.4358  -3.2869  -9.4081  
Y -2.3214  -1.9819  -1.8485  -3.2211  -1.4023  -1.9674  -2.8983  -3.7266  1.2594   -1.5701  -1.0680  -2.5037  -0.9432  2.9272   -3.2800  -2.2499  -2.0976  2.1945   7.0939   -1.6733  -4.5714  -4.5217  -3.2468  -9.2685  
V -0.2012  -2.7879  -3.1494  -4.0108  -0.2813  -2.4016  -2.8641  -3.4998  -2.7176  2.5465   0.7519   -2.6853  0.4065   -0.4859  -2.4475  -2.0666  -0.3063  -2.1374  -1.6733  4.1147   -5.6220  -4.6860  -0.4372  -9.1136  
B -3.3918  -2.8898  0.6289   0.8539   -5.0698  -1.8544  -0.7882  -2.6936  -1.9040  -6.2634  -6.0605  -2.1395  -5.0550  -6.1154  -3.2673  -1.7569  -2.5067  -5.9144  -4.5714  -5.6220  1.6856   -3.1346  -8.1352  -11.1639 
Z -2.7275  -1.8055  -1.9336  -0.6784  -5.6233  0.2105   0.3238   -3.7906  -2.0496  -5.3912  -4.9995  -1.1641  -3.9004  -5.9281  -3.1500  -2.3890  -2.6178  -5.4358  -4.5217  -4.6860  -3.1346  1.0752   -7.1407  -11.0960 
J -3.4543  -4.9039  -5.5615  -6.6237  -3.2816  -4.4968  -5.5908  -6.1961  -4.7515  -0.0288  -0.1427  -5.0445  -0.3873  -1.3981  -5.1688  -4.8929  -3.5239  -3.2869  -3.2468  -0.4372  -8.1352  -7.1407  0.2773   -11.2275 
X -9.1400  -9.2086  -9.0742  -9.2285  -9.3217  -8.9863  -9.1607  -9.5121  -9.1233  -9.0975  -9.3083  -9.0882  -8.9639  -9.2345  -9.4356  -9.0358  -9.0494  -9.4081  -9.2685  -9.1136  -11.1639 -11.0960 -11.2275 -13.8298 