# Decimal PFASUM98 substitution matrix
# Rounded to 4 decimal digits
# Units = 1/2 Bits
# Entropy H = 0.731814 Bits
# Pfam seed version = 29.0
#
# For further information on the PFASUM substitution model, see 
#
#    PFASUM: A substitution matrix from Pfam structural alignments
#    Frank Keul, Martin Hess, Michael Goesele, Kay Hamacher
#    BMC Bioinformatics, 18(1), 2017
#    http://dx.doi.org/10.1186/s12859-017-1703-z
#
#    Project Website:
#    http://www.cbs.tu-darmstadt.de/PFASUM
#
  A        R        N        D        C        Q        E        G        H        I        L        K        M        F        P        S        T        W        Y        V        B        Z        J        X        
A 3.7591   -1.4163  -1.3182  -1.4457  0.1177   -0.7375  -0.7228  -0.1445  -1.7090  -1.3758  -1.5032  -1.0637  -0.9503  -2.1411  -0.7922  0.6927   -0.1236  -2.6537  -2.3221  -0.2012  -3.3922  -2.7282  -3.4546  -9.1401  
R -1.4163  5.3437   -0.4184  -1.2796  -2.9032  0.8866   -0.2998  -2.2050  0.2373   -3.2034  -2.7382  2.2030   -1.9900  -3.5481  -1.7826  -0.8604  -0.9730  -2.1567  -1.9828  -2.7887  -2.8909  -1.8070  -4.9045  -9.2089  
N -1.3182  -0.4184  5.7277   1.4820   -2.2310  0.2742   -0.0628  -0.3423  0.8323   -3.6174  -3.5281  0.2414   -2.3853  -3.4080  -1.5133  0.6792   -0.0270  -3.4324  -1.8493  -3.1492  0.6293   -1.9348  -5.5614  -9.0744  
D -1.4457  -1.2796  1.4820   5.5395   -3.8596  0.0485   1.8616   -0.9715  -0.5720  -4.8273  -4.5073  -0.4460  -3.6451  -4.7469  -1.1072  -0.1134  -0.9043  -4.3127  -3.2215  -4.0104  0.8543   -0.6790  -6.6236  -9.2287  
C 0.1177   -2.9032  -2.2310  -3.8596  9.7751   -3.0349  -4.0287  -2.1646  -1.9840  -1.1897  -1.3411  -3.5433  -1.0463  -1.2615  -3.4843  -0.3285  -0.7478  -2.0494  -1.4017  -0.2831  -5.0707  -5.6240  -3.2833  -9.3222  
Q -0.7375  0.8866   0.2742   0.0485   -3.0349  5.2312   1.3998   -1.7939  0.8128   -2.9104  -2.2736  1.1768   -0.9620  -3.2886  -1.2469  -0.2492  -0.4461  -2.8267  -1.9684  -2.4018  -1.8558  0.2110   -4.4970  -8.9866  
E -0.7228  -0.2998  -0.0628  1.8616   -4.0287  1.3998   4.7487   -1.7886  -0.6988  -3.7106  -3.5210  0.6158   -2.6262  -4.3742  -1.0964  -0.4752  -0.7239  -3.8588  -2.8995  -2.8642  -0.7887  0.3244   -5.5909  -9.1610  
G -0.1445  -2.2050  -0.3423  -0.9715  -2.1646  -1.7939  -1.7886  5.8303   -1.9818  -4.3727  -4.0937  -1.7749  -3.2726  -3.8268  -1.9447  -0.2070  -1.7321  -3.6488  -3.7266  -3.4984  -2.6938  -3.7906  -6.1955  -9.5120  
H -1.7090  0.2373   0.8323   -0.5720  -1.9840  0.8128   -0.6988  -1.9818  7.6201   -3.1017  -2.5596  -0.2500  -1.9716  -1.1074  -1.7311  -0.7036  -1.1085  -1.1297  1.2587   -2.7179  -1.9054  -2.0499  -4.7517  -9.1235  
I -1.3758  -3.2034  -3.6174  -4.8273  -1.1897  -2.9104  -3.7106  -4.3727  -3.1017  4.4377   1.6496   -3.1824  1.2184   0.0842   -3.2694  -2.9065  -1.1629  -1.8244  -1.5708  2.5462   -6.2631  -5.3912  -0.0282  -9.0977  
L -1.5032  -2.7382  -3.5281  -4.5073  -1.3411  -2.2736  -3.5210  -4.0937  -2.5596  1.6496   3.9767   -2.9657  1.8260   0.8740   -3.1102  -2.8853  -1.7665  -1.0060  -1.0688  0.7515   -6.0604  -4.9997  -0.1420  -9.3085  
K -1.0637  2.2030   0.2414   -0.4460  -3.5433  1.1768   0.6158   -1.7749  -0.2500  -3.1824  -2.9657  4.8476   -1.9651  -3.9723  -1.1628  -0.4475  -0.5149  -3.2638  -2.5050  -2.6862  -2.1409  -1.1659  -5.0453  -9.0886  
M -0.9503  -1.9900  -2.3853  -3.6451  -1.0463  -0.9620  -2.6262  -3.2726  -1.9716  1.2184   1.8260   -1.9651  6.4272   0.4919   -3.0890  -1.8195  -0.7931  -1.0644  -0.9447  0.4063   -5.0549  -3.9010  -0.3878  -8.9642  
F -2.1411  -3.5481  -3.4080  -4.7469  -1.2615  -3.2886  -4.3742  -3.8268  -1.1074  0.0842   0.8740   -3.9723  0.4919   6.1983   -3.5661  -2.8383  -2.2913  1.7175   2.9266   -0.4860  -6.1151  -5.9279  -1.3984  -9.2347  
P -0.7922  -1.7826  -1.5133  -1.1072  -3.4843  -1.2469  -1.0964  -1.9447  -1.7311  -3.2694  -3.1102  -1.1628  -3.0890  -3.5661  7.0126   -0.3779  -1.1497  -3.4004  -3.2810  -2.4478  -3.2687  -3.1506  -5.1690  -9.4357  
S 0.6927   -0.8604  0.6792   -0.1134  -0.3285  -0.2492  -0.4752  -0.2070  -0.7036  -2.9065  -2.8853  -0.4475  -1.8195  -2.8383  -0.3779  4.1072   1.4029   -2.9847  -2.2513  -2.0667  -1.7581  -2.3904  -4.8932  -9.0361  
T -0.1236  -0.9730  -0.0270  -0.9043  -0.7478  -0.4461  -0.7239  -1.7321  -1.1085  -1.1629  -1.7665  -0.5149  -0.7931  -2.2913  -1.1497  1.4029   4.6222   -2.8100  -2.0988  -0.3069  -2.5078  -2.6190  -3.5244  -9.0496  
W -2.6537  -2.1567  -3.4324  -4.3127  -2.0494  -2.8267  -3.8588  -3.6488  -1.1297  -1.8244  -1.0060  -3.2638  -1.0644  1.7175   -3.4004  -2.9847  -2.8100  10.1694  2.1934   -2.1384  -5.9147  -5.4368  -3.2873  -9.4084  
Y -2.3221  -1.9828  -1.8493  -3.2215  -1.4017  -1.9684  -2.8995  -3.7266  1.2587   -1.5708  -1.0688  -2.5050  -0.9447  2.9266   -3.2810  -2.2513  -2.0988  2.1934   7.0958   -1.6741  -4.5720  -4.5228  -3.2475  -9.2688  
V -0.2012  -2.7887  -3.1492  -4.0104  -0.2831  -2.4018  -2.8642  -3.4984  -2.7179  2.5462   0.7515   -2.6862  0.4063   -0.4860  -2.4478  -2.0667  -0.3069  -2.1384  -1.6741  4.1162   -5.6218  -4.6862  -0.4376  -9.1138  
B -3.3922  -2.8909  0.6293   0.8543   -5.0707  -1.8558  -0.7887  -2.6938  -1.9054  -6.2631  -6.0604  -2.1409  -5.0549  -6.1151  -3.2687  -1.7581  -2.5078  -5.9147  -4.5720  -5.6218  1.6867   -3.1354  -8.1350  -11.1642 
Z -2.7282  -1.8070  -1.9348  -0.6790  -5.6240  0.2110   0.3244   -3.7906  -2.0499  -5.3912  -4.9997  -1.1659  -3.9010  -5.9279  -3.1506  -2.3904  -2.6190  -5.4368  -4.5228  -4.6862  -3.1354  1.0768   -7.1408  -11.0964 
J -3.4546  -4.9045  -5.5614  -6.6236  -3.2833  -4.4970  -5.5909  -6.1955  -4.7517  -0.0282  -0.1420  -5.0453  -0.3878  -1.3984  -5.1690  -4.8932  -3.5244  -3.2873  -3.2475  -0.4376  -8.1350  -7.1408  0.2788   -11.2278 
X -9.1401  -9.2089  -9.0744  -9.2287  -9.3222  -8.9866  -9.1610  -9.5120  -9.1235  -9.0977  -9.3085  -9.0886  -8.9642  -9.2347  -9.4357  -9.0361  -9.0496  -9.4084  -9.2688  -9.1138  -11.1642 -11.0964 -11.2278 -13.8300 