# Decimal PFASUM69 substitution matrix
# Rounded to 4 decimal digits
# Units = 1/3 Bits
# Entropy H = 0.586012 Bits
# Pfam seed version = 29.0
#
# For further information on the PFASUM substitution model, see 
#
#    PFASUM: A substitution matrix from Pfam structural alignments
#    Frank Keul, Martin Hess, Michael Goesele, Kay Hamacher
#    BMC Bioinformatics, 18(1), 2017
#    http://dx.doi.org/10.1186/s12859-017-1703-z
#
#    Project Website:
#    http://www.cbs.tu-darmstadt.de/PFASUM
#
  A        R        N        D        C        Q        E        G        H        I        L        K        M        F        P        S        T        W        Y        V        B        Z        J        X        
A 5.0277   -1.6615  -1.6956  -1.8305  0.3085   -0.8289  -0.8676  -0.0368  -2.1593  -1.6607  -1.7906  -1.3130  -1.0472  -2.6892  -0.9340  0.9927   -0.0780  -3.3745  -2.9431  -0.1256  -4.7735  -3.8532  -4.7416  -13.6045 
R -1.6615  7.3937   -0.2971  -1.3509  -3.8531  1.5081   0.0109   -2.7423  0.5748   -4.2654  -3.6724  3.2172   -2.5581  -4.7054  -2.0889  -0.8823  -1.0354  -2.8214  -2.4740  -3.6520  -3.8782  -2.3729  -6.8849  -13.6790 
N -1.6956  -0.2971  7.7919   2.3216   -2.9993  0.6392   0.2415   -0.2082  1.2402   -4.9452  -4.8402  0.6424   -3.1836  -4.6233  -1.7528  1.0978   0.1412   -4.6203  -2.4082  -4.2816  0.5303   -2.6070  -7.8792  -13.5062 
D -1.8305  -1.3509  2.3216   7.7451   -5.2210  0.3721   2.7258   -1.0628  -0.5443  -6.5521  -6.1565  -0.2458  -4.8561  -6.4409  -1.1585  0.1363   -0.9668  -5.8500  -4.3037  -5.4324  0.8890   -1.0046  -9.3003  -13.7274 
C 0.3085   -3.8531  -2.9993  -5.2210  14.2999  -4.0237  -5.2539  -2.7872  -2.4986  -1.3282  -1.5444  -4.6129  -1.1454  -1.4080  -4.5667  -0.4369  -0.9681  -2.6511  -1.6879  -0.2045  -7.1499  -7.7569  -4.4622  -13.8477 
Q -0.8289  1.5081   0.6392   0.3721   -4.0237  6.9559   2.1848   -2.2025  1.1998   -3.9393  -3.1812  1.8880   -1.2841  -4.4447  -1.5448  -0.0856  -0.3671  -3.7991  -2.5271  -3.2309  -2.5141  -0.0726  -6.4496  -13.3800 
E -0.8676  0.0109   0.2415   2.7258   -5.2539  2.1848   6.5252   -2.2338  -0.6671  -5.0057  -4.8009  1.2297   -3.4498  -5.8772  -1.2157  -0.3442  -0.7046  -5.1642  -3.7832  -3.8851  -1.1479  0.0760   -7.8764  -13.6217 
G -0.0368  -2.7423  -0.2082  -1.0628  -2.7872  -2.2025  -2.2338  8.3583   -2.4766  -5.8359  -5.4622  -2.1780  -4.2386  -5.0576  -2.2976  -0.0991  -2.1427  -4.8495  -4.8421  -4.6485  -3.6844  -5.2222  -8.5983  -14.1256 
H -2.1593  0.5748   1.2402   -0.5443  -2.4986  1.1998   -0.6671  -2.4766  10.8187  -4.1421  -3.4754  -0.1050  -2.5012  -1.5042  -2.1986  -0.7663  -1.3040  -1.4003  1.8437   -3.5751  -2.7064  -2.8792  -6.7130  -13.5728 
I -1.6607  -4.2654  -4.9452  -6.5521  -1.3282  -3.9393  -5.0057  -5.8359  -4.1421  6.0434   2.5367   -4.2485  1.8561   0.4717   -4.3182  -3.8457  -1.5336  -2.2470  -1.8498  3.6896   -8.8058  -7.5797  -0.2667  -13.5584 
L -1.7906  -3.6724  -4.8402  -6.1565  -1.5444  -3.1812  -4.8009  -5.4622  -3.4754  2.5367   5.4590   -4.0533  2.6901   1.4885   -4.1758  -3.8751  -2.3269  -1.0858  -1.2332  1.3073   -8.5562  -7.1287  -0.5118  -13.8618 
K -1.3130  3.2172   0.6424   -0.2458  -4.6129  1.8880   1.2297   -2.1780  -0.1050  -4.2485  -4.0533  6.5956   -2.5985  -5.2961  -1.2663  -0.3090  -0.4585  -4.3862  -3.1995  -3.6050  -2.8516  -1.5148  -7.1253  -13.5158 
M -1.0472  -2.5581  -3.1836  -4.8561  -1.1454  -1.2841  -3.4498  -4.2386  -2.5012  1.8561   2.6901   -2.5985  8.7526   0.9850   -4.0227  -2.3085  -1.0029  -1.1519  -0.9764  0.7684   -7.0762  -5.5175  -0.6035  -13.3384 
F -2.6892  -4.7054  -4.6233  -6.4409  -1.4080  -4.4447  -5.8772  -5.0576  -1.5042  0.4717   1.4885   -5.2961  0.9850   8.6190   -4.6817  -3.7845  -2.9739  2.6159   4.2205   -0.3275  -8.5857  -8.2903  -1.8646  -13.7265 
P -0.9340  -2.0889  -1.7528  -1.1585  -4.5667  -1.5448  -1.2157  -2.2976  -2.1986  -4.3182  -4.1758  -1.2663  -4.0227  -4.6817  10.0652  -0.3437  -1.3654  -4.3865  -4.2871  -3.2266  -4.3974  -4.3346  -7.2286  -13.9991 
S 0.9927   -0.8823  1.0978   0.1363   -0.4369  -0.0856  -0.3442  -0.0991  -0.7663  -3.8457  -3.8751  -0.3090  -2.3085  -3.7845  -0.3437  5.4048   2.0646   -3.9777  -2.8815  -2.7109  -2.4350  -3.2467  -6.8641  -13.4608 
T -0.0780  -1.0354  0.1412   -0.9668  -0.9681  -0.3671  -0.7046  -2.1427  -1.3040  -1.5336  -2.3269  -0.4585  -1.0029  -2.9739  -1.3654  2.0646   6.1578   -3.6662  -2.6387  -0.3638  -3.4681  -3.5765  -5.0128  -13.4705 
W -3.3745  -2.8214  -4.6203  -5.8500  -2.6511  -3.7991  -5.1642  -4.8495  -1.4003  -2.2470  -1.0858  -4.3862  -1.1519  2.6159   -4.3865  -3.9777  -3.6662  14.6714  3.3212   -2.6336  -8.2922  -7.6074  -4.4848  -13.9691 
Y -2.9431  -2.4740  -2.4082  -4.3037  -1.6879  -2.5271  -3.7832  -4.8421  1.8437   -1.8498  -1.2332  -3.1995  -0.9764  4.2205   -4.2871  -2.8815  -2.6387  3.3212   9.9839   -1.9804  -6.4077  -6.2748  -4.4538  -13.7727 
V -0.1256  -3.6520  -4.2816  -5.4324  -0.2045  -3.2309  -3.8851  -4.6485  -3.5751  3.6896   1.3073   -3.6050  0.7684   -0.3275  -3.2266  -2.7109  -0.3638  -2.6336  -1.9804  5.5892   -7.9130  -6.6312  -0.6424  -13.5737 
B -4.7735  -3.8782  0.5303   0.8890   -7.1499  -2.5141  -1.1479  -3.6844  -2.7064  -8.8058  -8.5562  -2.8516  -7.0762  -8.5857  -4.3974  -2.4350  -3.4681  -8.2922  -6.4077  -7.9130  1.8744   -4.6049  -11.6479 -16.6340 
Z -3.8532  -2.3729  -2.6070  -1.0046  -7.7569  -0.0726  0.0760   -5.2222  -2.8792  -7.5797  -7.1287  -1.5148  -5.5175  -8.2903  -4.3346  -3.2467  -3.5765  -7.6074  -6.2748  -6.6312  -4.6049  0.9223   -10.2920 -16.5312 
J -4.7416  -6.8849  -7.8792  -9.3003  -4.4622  -6.4496  -7.8764  -8.5983  -6.7130  -0.2667  -0.5118  -7.1253  -0.6035  -1.8646  -7.2286  -6.8641  -5.0128  -4.4848  -4.4538  -0.6424  -11.6479 -10.2920 -0.1136  -16.7462 
X -13.6045 -13.6790 -13.5062 -13.7274 -13.8477 -13.3800 -13.6217 -14.1256 -13.5728 -13.5584 -13.8618 -13.5158 -13.3384 -13.7265 -13.9991 -13.4608 -13.4705 -13.9691 -13.7727 -13.5737 -16.6340 -16.5312 -16.7462 -20.6321 