# Decimal PFASUM96 substitution matrix
# Rounded to 4 decimal digits
# Units = 1/2 Bits
# Entropy H = 0.731745 Bits
# Pfam seed version = 29.0
#
# For further information on the PFASUM substitution model, see 
#
#    PFASUM: A substitution matrix from Pfam structural alignments
#    Frank Keul, Martin Hess, Michael Goesele, Kay Hamacher
#    BMC Bioinformatics, 18(1), 2017
#    http://dx.doi.org/10.1186/s12859-017-1703-z
#
#    Project Website:
#    http://www.cbs.tu-darmstadt.de/PFASUM
#
  A        R        N        D        C        Q        E        G        H        I        L        K        M        F        P        S        T        W        Y        V        B        Z        J        X        
A 3.7588   -1.4161  -1.3181  -1.4457  0.1181   -0.7374  -0.7226  -0.1445  -1.7088  -1.3758  -1.5032  -1.0635  -0.9502  -2.1411  -0.7922  0.6929   -0.1236  -2.6535  -2.3219  -0.2012  -3.3921  -2.7280  -3.4546  -9.1401  
R -1.4161  5.3434   -0.4182  -1.2793  -2.9031  0.8868   -0.2995  -2.2050  0.2376   -3.2034  -2.7381  2.2032   -1.9900  -3.5480  -1.7825  -0.8601  -0.9728  -2.1566  -1.9826  -2.7886  -2.8907  -1.8067  -4.9044  -9.2088  
N -1.3181  -0.4182  5.7275   1.4822   -2.2308  0.2744   -0.0625  -0.3423  0.8326   -3.6175  -3.5281  0.2416   -2.3853  -3.4080  -1.5131  0.6793   -0.0268  -3.4325  -1.8491  -3.1492  0.6292   -1.9345  -5.5614  -9.0744  
D -1.4457  -1.2793  1.4822   5.5393   -3.8595  0.0488   1.8617   -0.9715  -0.5717  -4.8273  -4.5073  -0.4458  -3.6452  -4.7472  -1.1069  -0.1133  -0.9042  -4.3125  -3.2214  -4.0105  0.8543   -0.6788  -6.6236  -9.2287  
C 0.1181   -2.9031  -2.2308  -3.8595  9.7751   -3.0346  -4.0286  -2.1646  -1.9840  -1.1895  -1.3408  -3.5431  -1.0459  -1.2614  -3.4841  -0.3280  -0.7473  -2.0493  -1.4020  -0.2828  -5.0706  -5.6238  -3.2829  -9.3221  
Q -0.7374  0.8868   0.2744   0.0488   -3.0346  5.2308   1.4001   -1.7938  0.8129   -2.9103  -2.2737  1.1770   -0.9619  -3.2886  -1.2469  -0.2490  -0.4459  -2.8265  -1.9682  -2.4018  -1.8555  0.2109   -4.4970  -8.9865  
E -0.7226  -0.2995  -0.0625  1.8617   -4.0286  1.4001   4.7484   -1.7887  -0.6985  -3.7106  -3.5210  0.6161   -2.6262  -4.3744  -1.0961  -0.4750  -0.7237  -3.8586  -2.8993  -2.8642  -0.7885  0.3243   -5.5909  -9.1609  
G -0.1445  -2.2050  -0.3423  -0.9715  -2.1646  -1.7938  -1.7887  5.8302   -1.9817  -4.3728  -4.0938  -1.7748  -3.2727  -3.8268  -1.9447  -0.2069  -1.7321  -3.6486  -3.7265  -3.4985  -2.6938  -3.7906  -6.1956  -9.5120  
H -1.7088  0.2376   0.8326   -0.5717  -1.9840  0.8129   -0.6985  -1.9817  7.6198   -3.1017  -2.5595  -0.2496  -1.9717  -1.1073  -1.7310  -0.7033  -1.1082  -1.1293  1.2590   -2.7177  -1.9050  -2.0498  -4.7517  -9.1234  
I -1.3758  -3.2034  -3.6175  -4.8273  -1.1895  -2.9103  -3.7106  -4.3728  -3.1017  4.4374   1.6496   -3.1824  1.2185   0.0842   -3.2694  -2.9065  -1.1629  -1.8245  -1.5707  2.5463   -6.2632  -5.3912  -0.0283  -9.0976  
L -1.5032  -2.7381  -3.5281  -4.5073  -1.3408  -2.2737  -3.5210  -4.0938  -2.5595  1.6496   3.9765   -2.9656  1.8261   0.8740   -3.1101  -2.8852  -1.7664  -1.0057  -1.0686  0.7516   -6.0604  -4.9996  -0.1422  -9.3084  
K -1.0635  2.2032   0.2416   -0.4458  -3.5431  1.1770   0.6161   -1.7748  -0.2496  -3.1824  -2.9656  4.8473   -1.9651  -3.9724  -1.1625  -0.4473  -0.5146  -3.2635  -2.5049  -2.6861  -2.1407  -1.1656  -5.0453  -9.0886  
M -0.9502  -1.9900  -2.3853  -3.6452  -1.0459  -0.9619  -2.6262  -3.2727  -1.9717  1.2185   1.8261   -1.9651  6.4267   0.4920   -3.0891  -1.8194  -0.7930  -1.0641  -0.9445  0.4064   -5.0550  -3.9009  -0.3877  -8.9642  
F -2.1411  -3.5480  -3.4080  -4.7472  -1.2614  -3.2886  -4.3744  -3.8268  -1.1073  0.0842   0.8740   -3.9724  0.4920   6.1981   -3.5659  -2.8384  -2.2912  1.7178   2.9267   -0.4860  -6.1152  -5.9280  -1.3984  -9.2347  
P -0.7922  -1.7825  -1.5131  -1.1069  -3.4841  -1.2469  -1.0961  -1.9447  -1.7310  -3.2694  -3.1101  -1.1625  -3.0891  -3.5659  7.0126   -0.3778  -1.1497  -3.4001  -3.2808  -2.4479  -3.2684  -3.1504  -5.1690  -9.4357  
S 0.6929   -0.8601  0.6793   -0.1133  -0.3280  -0.2490  -0.4750  -0.2069  -0.7033  -2.9065  -2.8852  -0.4473  -1.8194  -2.8384  -0.3778  4.1069   1.4032   -2.9847  -2.2511  -2.0667  -1.7579  -2.3902  -4.8932  -9.0361  
T -0.1236  -0.9728  -0.0268  -0.9042  -0.7473  -0.4459  -0.7237  -1.7321  -1.1082  -1.1629  -1.7664  -0.5146  -0.7930  -2.2912  -1.1497  1.4032   4.6219   -2.8098  -2.0986  -0.3068  -2.5076  -2.6188  -3.5243  -9.0496  
W -2.6535  -2.1566  -3.4325  -4.3125  -2.0493  -2.8265  -3.8586  -3.6486  -1.1293  -1.8245  -1.0057  -3.2635  -1.0641  1.7178   -3.4001  -2.9847  -2.8098  10.1691  2.1937   -2.1382  -5.9147  -5.4366  -3.2872  -9.4083  
Y -2.3219  -1.9826  -1.8491  -3.2214  -1.4020  -1.9682  -2.8993  -3.7265  1.2590   -1.5707  -1.0686  -2.5049  -0.9445  2.9267   -3.2808  -2.2511  -2.0986  2.1937   7.0954   -1.6740  -4.5718  -4.5226  -3.2474  -9.2687  
V -0.2012  -2.7886  -3.1492  -4.0105  -0.2828  -2.4018  -2.8642  -3.4985  -2.7177  2.5463   0.7516   -2.6861  0.4064   -0.4860  -2.4479  -2.0667  -0.3068  -2.1382  -1.6740  4.1159   -5.6218  -4.6861  -0.4375  -9.1137  
B -3.3921  -2.8907  0.6292   0.8543   -5.0706  -1.8555  -0.7885  -2.6938  -1.9050  -6.2632  -6.0604  -2.1407  -5.0550  -6.1152  -3.2684  -1.7579  -2.5076  -5.9147  -4.5718  -5.6218  1.6866   -3.1352  -8.1350  -11.1641 
Z -2.7280  -1.8067  -1.9345  -0.6788  -5.6238  0.2109   0.3243   -3.7906  -2.0498  -5.3912  -4.9996  -1.1656  -3.9009  -5.9280  -3.1504  -2.3902  -2.6188  -5.4366  -4.5226  -4.6861  -3.1352  1.0765   -7.1408  -11.0963 
J -3.4546  -4.9044  -5.5614  -6.6236  -3.2829  -4.4970  -5.5909  -6.1956  -4.7517  -0.0283  -0.1422  -5.0453  -0.3877  -1.3984  -5.1690  -4.8932  -3.5243  -3.2872  -3.2474  -0.4375  -8.1350  -7.1408  0.2785   -11.2277 
X -9.1401  -9.2088  -9.0744  -9.2287  -9.3221  -8.9865  -9.1609  -9.5120  -9.1234  -9.0976  -9.3084  -9.0886  -8.9642  -9.2347  -9.4357  -9.0361  -9.0496  -9.4083  -9.2687  -9.1137  -11.1641 -11.0963 -11.2277 -13.8300 