# Decimal PFASUM55 substitution matrix
# Rounded to 4 decimal digits
# Units = 1/3 Bits
# Entropy H = 0.445376 Bits
# Pfam seed version = 29.0
#
# For further information on the PFASUM substitution model, see 
#
#    PFASUM: A substitution matrix from Pfam structural alignments
#    Frank Keul, Martin Hess, Michael Goesele, Kay Hamacher
#    BMC Bioinformatics, 18(1), 2017
#    http://dx.doi.org/10.1186/s12859-017-1703-z
#
#    Project Website:
#    http://www.cbs.tu-darmstadt.de/PFASUM
#
  A        R        N        D        C        Q        E        G        H        I        L        K        M        F        P        S        T        W        Y        V        B        Z        J        X        
A 4.3615   -1.2568  -1.4136  -1.5127  0.3720   -0.6120  -0.6947  0.1259   -1.7736  -1.2553  -1.3384  -1.0843  -0.6869  -2.1439  -0.6815  0.8781   0.0133   -2.7583  -2.3739  0.0260   -4.4701  -3.6634  -4.3071  -13.5001 
R -1.2568  6.6254   -0.0278  -0.8384  -3.3993  1.5928   0.3911   -2.1559  0.7300   -3.6985  -3.2025  3.0242   -2.1288  -4.0311  -1.5311  -0.5250  -0.6733  -2.3346  -1.9763  -3.1196  -3.4734  -2.1170  -6.3815  -13.5454 
N -1.4136  -0.0278  6.8237   2.3208   -2.6468  0.7791   0.4861   0.0680   1.1511   -4.3712  -4.2926  0.8226   -2.7642  -4.0235  -1.2576  1.1388   0.2915   -3.9932  -2.0183  -3.7817  0.0273   -2.4013  -7.3218  -13.4082 
D -1.5127  -0.8384  2.3208   7.0766   -4.6162  0.5925   2.6220   -0.6877  -0.2843  -5.7664  -5.4342  0.1028   -4.1877  -5.6401  -0.7137  0.3653   -0.6287  -5.0552  -3.6943  -4.7782  0.4116   -1.0347  -8.5555  -13.6099 
C 0.3720   -3.3993  -2.6468  -4.6162  13.7934  -3.5513  -4.5668  -2.3411  -2.0399  -0.9323  -1.1386  -4.0449  -0.7745  -0.9953  -3.8932  -0.4247  -0.8730  -2.1742  -1.3219  -0.0422  -6.6639  -7.1564  -4.0602  -13.7253 
Q -0.6120  1.5928   0.7791   0.5925   -3.5513  5.9625   2.1564   -1.7480  1.1209   -3.4710  -2.8766  1.8893   -1.1627  -3.8832  -1.1766  0.1340   -0.1218  -3.2679  -2.0874  -2.8377  -2.3268  -0.5226  -6.0896  -13.2949 
E -0.6947  0.3911   0.4861   2.6220   -4.5668  2.1564   5.8265   -1.7898  -0.3455  -4.3970  -4.2328  1.4275   -2.9552  -5.1025  -0.8229  -0.0525  -0.3999  -4.4464  -3.1673  -3.4349  -1.1655  -0.4135  -7.2935  -13.5080 
G 0.1259   -2.1559  0.0680   -0.6877  -2.3411  -1.7480  -1.7898  7.8642   -1.9887  -5.0118  -4.7062  -1.7442  -3.5321  -4.2937  -1.6638  0.1074   -1.6588  -4.1158  -4.0231  -3.9789  -3.3487  -4.7740  -7.8180  -13.9652 
H -1.7736  0.7300   1.1511   -0.2843  -2.0399  1.1209   -0.3455  -1.9887  10.0436  -3.5867  -3.0353  0.0907   -2.0160  -1.3173  -1.7093  -0.5043  -0.9847  -1.0577  1.7109   -3.0458  -2.6123  -2.7343  -6.2335  -13.4614 
I -1.2553  -3.6985  -4.3712  -5.7664  -0.9323  -3.4710  -4.3970  -5.0118  -3.5867  5.3781   2.5460   -3.7225  1.8496   0.8168   -3.6824  -3.2947  -1.3217  -1.7079  -1.3088  3.4921   -8.1149  -7.0251  -0.5161  -13.4729 
L -1.3384  -3.2025  -4.2926  -5.4342  -1.1386  -2.8766  -4.2328  -4.7062  -3.0353  2.5460   4.9166   -3.6128  2.5833   1.6450   -3.5764  -3.3549  -1.9827  -0.6756  -0.8340  1.4475   -7.9094  -6.6717  -0.8371  -13.7527 
K -1.0843  3.0242   0.8226   0.1028   -4.0449  1.8893   1.4275   -1.7442  0.0907   -3.7225  -3.6128  5.8277   -2.2675  -4.5975  -0.8830  -0.0410  -0.2207  -3.8127  -2.6389  -3.1837  -2.5750  -1.3930  -6.6535  -13.4191 
M -0.6869  -2.1288  -2.7642  -4.1877  -0.7745  -1.1627  -2.9552  -3.5321  -2.0160  1.8496   2.5833   -2.2675  7.5831   1.1869   -3.3259  -1.8992  -0.8087  -0.7344  -0.5455  0.9066   -6.5218  -5.1914  -0.6769  -13.2393 
F -2.1439  -4.0311  -4.0235  -5.6401  -0.9953  -3.8832  -5.1025  -4.2937  -1.3173  0.8168   1.6450   -4.5975  1.1869   7.7831   -3.9028  -3.2393  -2.4702  2.6247   3.9623   0.0667   -7.8748  -7.6028  -1.6466  -13.5934 
P -0.6815  -1.5311  -1.2576  -0.7137  -3.8932  -1.1766  -0.8229  -1.6638  -1.7093  -3.6824  -3.5764  -0.8830  -3.3259  -3.9028  9.4432   -0.1328  -0.9919  -3.6429  -3.5737  -2.7220  -3.9377  -3.9526  -6.6158  -13.8278 
S 0.8781   -0.5250  1.1388   0.3653   -0.4247  0.1340   -0.0525  0.1074   -0.5043  -3.2947  -3.3549  -0.0410  -1.8992  -3.2393  -0.1328  4.5511   1.9231   -3.3730  -2.3701  -2.3188  -2.2873  -2.9814  -6.3323  -13.3775 
T 0.0133   -0.6733  0.2915   -0.6287  -0.8730  -0.1218  -0.3999  -1.6588  -0.9847  -1.3217  -1.9827  -0.2207  -0.8087  -2.4702  -0.9919  1.9231   5.2384   -3.0746  -2.0938  -0.2879  -3.2116  -3.2932  -4.7234  -13.3729 
W -2.7583  -2.3346  -3.9932  -5.0552  -2.1742  -3.2679  -4.4464  -4.1158  -1.0577  -1.7079  -0.6756  -3.8127  -0.7344  2.6247   -3.6429  -3.3730  -3.0746  13.9645  3.3039   -2.0607  -7.5694  -6.9647  -4.0336  -13.8055 
Y -2.3739  -1.9763  -2.0183  -3.6943  -1.3219  -2.0874  -3.1673  -4.0231  1.7109   -1.3088  -0.8340  -2.6389  -0.5455  3.9623   -3.5737  -2.3701  -2.0938  3.3039   9.1252   -1.4311  -5.8981  -5.7289  -4.0056  -13.6307 
V 0.0260   -3.1196  -3.7817  -4.7782  -0.0422  -2.8377  -3.4349  -3.9789  -3.0458  3.4921   1.4475   -3.1837  0.9066   0.0667   -2.7220  -2.3188  -0.2879  -2.0607  -1.4311  4.9388   -7.3242  -6.2005  -0.6709  -13.4812 
B -4.4701  -3.4734  0.0273   0.4116   -6.6639  -2.3268  -1.1655  -3.3487  -2.6123  -8.1149  -7.9094  -2.5750  -6.5218  -7.8748  -3.9377  -2.2873  -3.2116  -7.5694  -5.8981  -7.3242  1.0790   -4.5666  -10.9852 -16.5231 
Z -3.6634  -2.1170  -2.4013  -1.0347  -7.1564  -0.5226  -0.4135  -4.7740  -2.7343  -7.0251  -6.6717  -1.3930  -5.1914  -7.6028  -3.9526  -2.9814  -3.2932  -6.9647  -5.7289  -6.2005  -4.5666  0.1210   -9.8006  -16.4271 
J -4.3071  -6.3815  -7.3218  -8.5555  -4.0602  -6.0896  -7.2935  -7.8180  -6.2335  -0.5161  -0.8371  -6.6535  -0.6769  -1.6466  -6.6158  -6.3323  -4.7234  -4.0336  -4.0056  -0.6709  -10.9852 -9.8006  -0.6912  -16.6463 
X -13.5001 -13.5454 -13.4082 -13.6099 -13.7253 -13.2949 -13.5080 -13.9652 -13.4614 -13.4729 -13.7527 -13.4191 -13.2393 -13.5934 -13.8278 -13.3775 -13.3729 -13.8055 -13.6307 -13.4812 -16.5231 -16.4271 -16.6463 -20.5193 