# Decimal PFASUM52 substitution matrix
# Rounded to 4 decimal digits
# Units = 1/3 Bits
# Entropy H = 0.417298 Bits
# Pfam seed version = 29.0
#
# For further information on the PFASUM substitution model, see 
#
#    PFASUM: A substitution matrix from Pfam structural alignments
#    Frank Keul, Martin Hess, Michael Goesele, Kay Hamacher
#    BMC Bioinformatics, 18(1), 2017
#    http://dx.doi.org/10.1186/s12859-017-1703-z
#
#    Project Website:
#    http://www.cbs.tu-darmstadt.de/PFASUM
#
  A        R        N        D        C        Q        E        G        H        I        L        K        M        F        P        S        T        W        Y        V        B        Z        J        X        
A 4.2194   -1.1922  -1.3570  -1.4526  0.3923   -0.5720  -0.6688  0.1560   -1.7057  -1.1778  -1.2473  -1.0472  -0.6167  -2.0317  -0.6364  0.8481   0.0257   -2.6268  -2.2542  0.0490   -4.4113  -3.6321  -4.2212  -13.4802 
R -1.1922  6.4553   0.0218   -0.7322  -3.2917  1.5999   0.4629   -2.0386  0.7539   -3.5842  -3.1029  2.9745   -2.0460  -3.8853  -1.4211  -0.4609  -0.6057  -2.2329  -1.8678  -3.0162  -3.3923  -2.0727  -6.2769  -13.5186 
N -1.3570  0.0218   6.6125   2.3146   -2.5732  0.8028   0.5280   0.1267   1.1222   -4.2504  -4.1791  0.8525   -2.6785  -3.8956  -1.1597  1.1356   0.3137   -3.8667  -1.9342  -3.6800  -0.0800  -2.3663  -7.2057  -13.3894 
D -1.4526  -0.7322  2.3146   6.9216   -4.4666  0.6408   2.5977   -0.6138  -0.2321  -5.5933  -5.2749  0.1770   -4.0523  -5.4662  -0.6270  0.4048   -0.5629  -4.8856  -3.5589  -4.6428  0.3031   -1.0406  -8.3914  -13.5846 
C 0.3923   -3.2917  -2.5732  -4.4666  13.6568  -3.4485  -4.4218  -2.2455  -1.9576  -0.8361  -1.0343  -3.9209  -0.6758  -0.8966  -3.7285  -0.4167  -0.8445  -2.0440  -1.2368  0.0104   -6.5509  -7.0287  -3.9590  -13.6937 
Q -0.5720  1.5999   0.8028   0.6408   -3.4485  5.7346   2.1482   -1.6529  1.0986   -3.3713  -2.8054  1.8790   -1.1379  -3.7516  -1.1005  0.1725   -0.0735  -3.1442  -1.9863  -2.7586  -2.2889  -0.6213  -6.0087  -13.2775 
E -0.6688  0.4629   0.5280   2.5977   -4.4218  2.1482   5.6722   -1.7036  -0.2885  -4.2717  -4.1105  1.4619   -2.8582  -4.9418  -0.7533  -0.0036  -0.3465  -4.2926  -3.0345  -3.3433  -1.1733  -0.5180  -7.1701  -13.4859 
G 0.1560   -2.0386  0.1267   -0.6138  -2.2455  -1.6529  -1.7036  7.7405   -1.8865  -4.8339  -4.5394  -1.6577  -3.3823  -4.1211  -1.5337  0.1514   -1.5538  -3.9526  -3.8512  -3.8331  -3.2803  -4.6844  -7.6474  -13.9300 
H -1.7057  0.7539   1.1222   -0.2321  -1.9576  1.0986   -0.2885  -1.8865  9.8739   -3.4657  -2.9386  0.1234   -1.9258  -1.2810  -1.6066  -0.4582  -0.9293  -0.9887  1.6769   -2.9425  -2.5981  -2.7122  -6.1285  -13.4401 
I -1.1778  -3.5842  -4.2504  -5.5933  -0.8361  -3.3713  -4.2717  -4.8339  -3.4657  5.2290   2.5391   -3.6155  1.8391   0.8900   -3.5522  -3.1793  -1.2843  -1.5840  -1.1938  3.4382   -7.9652  -6.9099  -0.5745  -13.4558 
L -1.2473  -3.1029  -4.1791  -5.2749  -1.0343  -2.8054  -4.1105  -4.5394  -2.9386  2.5391   4.7935   -3.5211  2.5533   1.6720   -3.4543  -3.2409  -1.9132  -0.5856  -0.7461  1.4702   -7.7701  -6.5713  -0.9120  -13.7291 
K -1.0472  2.9745   0.8525   0.1770   -3.9209  1.8790   1.4619   -1.6577  0.1234   -3.6155  -3.5211  5.6607   -2.2036  -4.4523  -0.8090  -0.0007  -0.1793  -3.6830  -2.5189  -3.1010  -2.5200  -1.3761  -6.5562  -13.4013 
M -0.6167  -2.0460  -2.6785  -4.0523  -0.6758  -1.1379  -2.8582  -3.3823  -1.9258  1.8391   2.5533   -2.2036  7.2941   1.2173   -3.1805  -1.8166  -0.7675  -0.6469  -0.4554  0.9321   -6.4085  -5.1272  -0.7006  -13.2200 
F -2.0317  -3.8853  -3.8956  -5.4662  -0.8966  -3.7516  -4.9418  -4.1211  -1.2810  0.8900   1.6720   -4.4523  1.2173   7.5807   -3.7364  -3.1167  -2.3633  2.6302   3.8884   0.1440   -7.7212  -7.4539  -1.6046  -13.5653 
P -0.6364  -1.4211  -1.1597  -0.6270  -3.7285  -1.1005  -0.7533  -1.5337  -1.6066  -3.5522  -3.4543  -0.8090  -3.1805  -3.7364  9.2922   -0.0911  -0.9136  -3.4797  -3.4147  -2.6190  -3.8477  -3.8809  -6.4907  -13.7917 
S 0.8481   -0.4609  1.1356   0.4048   -0.4167  0.1725   -0.0036  0.1514   -0.4582  -3.1793  -3.2409  -0.0007  -1.8166  -3.1167  -0.0911  4.3661   1.8832   -3.2389  -2.2571  -2.2415  -2.2662  -2.9364  -6.2177  -13.3618 
T 0.0257   -0.6057  0.3137   -0.5629  -0.8445  -0.0735  -0.3465  -1.5538  -0.9293  -1.2843  -1.9132  -0.1793  -0.7675  -2.3633  -0.9136  1.8832   5.0311   -2.9440  -1.9762  -0.2790  -3.1646  -3.2415  -4.6668  -13.3542 
W -2.6268  -2.2329  -3.8667  -4.8856  -2.0440  -3.1442  -4.2926  -3.9526  -0.9887  -1.5840  -0.5856  -3.6830  -0.6469  2.6302   -3.4797  -3.2389  -2.9440  13.7845  3.3026   -1.9391  -7.4185  -6.8232  -3.9332  -13.7676 
Y -2.2542  -1.8678  -1.9342  -3.5589  -1.2368  -1.9863  -3.0345  -3.8512  1.6769   -1.1938  -0.7461  -2.5189  -0.4554  3.8884   -3.4147  -2.2571  -1.9762  3.3026   8.9120   -1.3187  -5.7858  -5.6090  -3.9084  -13.5993 
V 0.0490   -3.0162  -3.6800  -4.6428  0.0104   -2.7586  -3.3433  -3.8331  -2.9425  3.4382   1.4702   -3.1010  0.9321   0.1440   -2.6190  -2.2415  -0.2790  -1.9391  -1.3187  4.7959   -7.2030  -6.1135  -0.6847  -13.4634 
B -4.4113  -3.3923  -0.0800  0.3031   -6.5509  -2.2889  -1.1733  -3.2803  -2.5981  -7.9652  -7.7701  -2.5200  -6.4085  -7.7212  -3.8477  -2.2662  -3.1646  -7.4185  -5.7858  -7.2030  0.8981   -4.5609  -10.8421 -16.5002 
Z -3.6321  -2.0727  -2.3663  -1.0406  -7.0287  -0.6213  -0.5180  -4.6844  -2.7122  -6.9099  -6.5713  -1.3761  -5.1272  -7.4539  -3.8809  -2.9364  -3.2415  -6.8232  -5.6090  -6.1135  -4.5609  -0.0566  -9.6950  -16.4067 
J -4.2212  -6.2769  -7.2057  -8.3914  -3.9590  -6.0087  -7.1701  -7.6474  -6.1285  -0.5745  -0.9120  -6.5562  -0.7006  -1.6046  -6.4907  -6.2177  -4.6668  -3.9332  -3.9084  -0.6847  -10.8421 -9.6950  -0.8229  -16.6252 
X -13.4802 -13.5186 -13.3894 -13.5846 -13.6937 -13.2775 -13.4859 -13.9300 -13.4401 -13.4558 -13.7291 -13.4013 -13.2200 -13.5653 -13.7917 -13.3618 -13.3542 -13.7676 -13.5993 -13.4634 -16.5002 -16.4067 -16.6252 -20.4962 