# Decimal PFASUM87 substitution matrix
# Rounded to 4 decimal digits
# Units = 1/2 Bits
# Entropy H = 0.731139 Bits
# Pfam seed version = 29.0
#
# For further information on the PFASUM substitution model, see 
#
#    PFASUM: A substitution matrix from Pfam structural alignments
#    Frank Keul, Martin Hess, Michael Goesele, Kay Hamacher
#    BMC Bioinformatics, 18(1), 2017
#    http://dx.doi.org/10.1186/s12859-017-1703-z
#
#    Project Website:
#    http://www.cbs.tu-darmstadt.de/PFASUM
#
  A        R        N        D        C        Q        E        G        H        I        L        K        M        F        P        S        T        W        Y        V        B        Z        J        X        
A 3.7567   -1.4141  -1.3180  -1.4446  0.1212   -0.7362  -0.7211  -0.1451  -1.7085  -1.3759  -1.5024  -1.0618  -0.9496  -2.1405  -0.7923  0.6946   -0.1244  -2.6522  -2.3206  -0.2013  -3.3914  -2.7266  -3.4541  -9.1399  
R -1.4141  5.3413   -0.4163  -1.2767  -2.9040  0.8891   -0.2958  -2.2057  0.2382   -3.2023  -2.7367  2.2045   -1.9890  -3.5469  -1.7805  -0.8575  -0.9703  -2.1561  -1.9808  -2.7871  -2.8884  -1.8038  -4.9032  -9.2083  
N -1.3180  -0.4163  5.7253   1.4842   -2.2296  0.2764   -0.0606  -0.3422  0.8336   -3.6181  -3.5282  0.2435   -2.3852  -3.4073  -1.5122  0.6807   -0.0257  -3.4325  -1.8479  -3.1498  0.6288   -1.9326  -5.5617  -9.0741  
D -1.4446  -1.2767  1.4842   5.5377   -3.8589  0.0518   1.8614   -0.9711  -0.5691  -4.8282  -4.5074  -0.4427  -3.6446  -4.7475  -1.1040  -0.1102  -0.9020  -4.3114  -3.2207  -4.0111  0.8535   -0.6782  -6.6239  -9.2283  
C 0.1212   -2.9040  -2.2296  -3.8589  9.7744   -3.0341  -4.0279  -2.1646  -1.9834  -1.1882  -1.3389  -3.5411  -1.0434  -1.2608  -3.4857  -0.3259  -0.7454  -2.0488  -1.4044  -0.2806  -5.0696  -5.6232  -3.2813  -9.3216  
Q -0.7362  0.8891   0.2764   0.0518   -3.0341  5.2267   1.4031   -1.7933  0.8115   -2.9097  -2.2733  1.1801   -0.9600  -3.2872  -1.2480  -0.2464  -0.4441  -2.8238  -1.9662  -2.4012  -1.8529  0.2101   -4.4966  -8.9859  
E -0.7211  -0.2958  -0.0606  1.8614   -4.0279  1.4031   4.7462   -1.7893  -0.6966  -3.7105  -3.5205  0.6196   -2.6255  -4.3742  -1.0935  -0.4721  -0.7213  -3.8568  -2.8972  -2.8637  -0.7883  0.3235   -5.5905  -9.1604  
G -0.1451  -2.2057  -0.3422  -0.9711  -2.1646  -1.7933  -1.7893  5.8299   -1.9810  -4.3747  -4.0949  -1.7740  -3.2742  -3.8273  -1.9448  -0.2067  -1.7329  -3.6488  -3.7269  -3.5016  -2.6936  -3.7908  -6.1970  -9.5122  
H -1.7085  0.2382   0.8336   -0.5691  -1.9834  0.8115   -0.6966  -1.9810  7.6186   -3.1013  -2.5592  -0.2475  -1.9700  -1.1051  -1.7328  -0.7021  -1.1069  -1.1267  1.2593   -2.7173  -1.9033  -2.0495  -4.7514  -9.1232  
I -1.3759  -3.2023  -3.6181  -4.8282  -1.1882  -2.9097  -3.7105  -4.3747  -3.1013  4.4343   1.6502   -3.1812  1.2186   0.0846   -3.2684  -2.9060  -1.1626  -1.8239  -1.5697  2.5464   -6.2639  -5.3909  -0.0293  -9.0974  
L -1.5024  -2.7367  -3.5282  -4.5074  -1.3389  -2.2733  -3.5205  -4.0949  -2.5592  1.6502   3.9745   -2.9638  1.8270   0.8746   -3.1104  -2.8847  -1.7656  -1.0042  -1.0674  0.7522   -6.0605  -4.9993  -0.1433  -9.3081  
K -1.0618  2.2045   0.2435   -0.4427  -3.5411  1.1801   0.6196   -1.7740  -0.2475  -3.1812  -2.9638  4.8438   -1.9635  -3.9707  -1.1592  -0.4442  -0.5124  -3.2626  -2.5020  -2.6847  -2.1382  -1.1624  -5.0437  -9.0878  
M -0.9496  -1.9890  -2.3852  -3.6446  -1.0434  -0.9600  -2.6255  -3.2742  -1.9700  1.2186   1.8270   -1.9635  6.4229   0.4940   -3.0897  -1.8176  -0.7922  -1.0625  -0.9420  0.4063   -5.0546  -3.8998  -0.3872  -8.9637  
F -2.1405  -3.5469  -3.4073  -4.7475  -1.2608  -3.2872  -4.3742  -3.8273  -1.1051  0.0846   0.8746   -3.9707  0.4940   6.1955   -3.5640  -2.8375  -2.2897  1.7200   2.9273   -0.4858  -6.1150  -5.9273  -1.3979  -9.2343  
P -0.7923  -1.7805  -1.5122  -1.1040  -3.4857  -1.2480  -1.0935  -1.9448  -1.7328  -3.2684  -3.1104  -1.1592  -3.0897  -3.5640  7.0137   -0.3782  -1.1496  -3.3970  -3.2790  -2.4472  -3.2662  -3.1491  -5.1688  -9.4355  
S 0.6946   -0.8575  0.6807   -0.1102  -0.3259  -0.2464  -0.4721  -0.2067  -0.7021  -2.9060  -2.8847  -0.4442  -1.8176  -2.8375  -0.3782  4.1044   1.4056   -2.9827  -2.2485  -2.0663  -1.7556  -2.3874  -4.8927  -9.0353  
T -0.1244  -0.9703  -0.0257  -0.9020  -0.7454  -0.4441  -0.7213  -1.7329  -1.1069  -1.1626  -1.7656  -0.5124  -0.7922  -2.2897  -1.1496  1.4056   4.6192   -2.8079  -2.0967  -0.3061  -2.5060  -2.6167  -3.5237  -9.0492  
W -2.6522  -2.1561  -3.4325  -4.3114  -2.0488  -2.8238  -3.8568  -3.6488  -1.1267  -1.8239  -1.0042  -3.2626  -1.0625  1.7200   -3.3970  -2.9827  -2.8079  10.1662  2.1956   -2.1368  -5.9141  -5.4345  -3.2860  -9.4077  
Y -2.3206  -1.9808  -1.8479  -3.2207  -1.4044  -1.9662  -2.8972  -3.7269  1.2593   -1.5697  -1.0674  -2.5020  -0.9420  2.9273   -3.2790  -2.2485  -2.0967  2.1956   7.0923   -1.6730  -4.5709  -4.5206  -3.2463  -9.2682  
V -0.2013  -2.7871  -3.1498  -4.0111  -0.2806  -2.4012  -2.8637  -3.5016  -2.7173  2.5464   0.7522   -2.6847  0.4063   -0.4858  -2.4472  -2.0663  -0.3061  -2.1368  -1.6730  4.1135   -5.6224  -4.6857  -0.4371  -9.1135  
B -3.3914  -2.8884  0.6288   0.8535   -5.0696  -1.8529  -0.7883  -2.6936  -1.9033  -6.2639  -6.0605  -2.1382  -5.0546  -6.1150  -3.2662  -1.7556  -2.5060  -5.9141  -4.5709  -5.6224  1.6847   -3.1342  -8.1354  -11.1638 
Z -2.7266  -1.8038  -1.9326  -0.6782  -5.6232  0.2101   0.3235   -3.7908  -2.0495  -5.3909  -4.9993  -1.1624  -3.8998  -5.9273  -3.1491  -2.3874  -2.6167  -5.4345  -4.5206  -4.6857  -3.1342  1.0738   -7.1405  -11.0957 
J -3.4541  -4.9032  -5.5617  -6.6239  -3.2813  -4.4966  -5.5905  -6.1970  -4.7514  -0.0293  -0.1433  -5.0437  -0.3872  -1.3979  -5.1688  -4.8927  -3.5237  -3.2860  -3.2463  -0.4371  -8.1354  -7.1405  0.2760   -11.2274 
X -9.1399  -9.2083  -9.0741  -9.2283  -9.3216  -8.9859  -9.1604  -9.5122  -9.1232  -9.0974  -9.3081  -9.0878  -8.9637  -9.2343  -9.4355  -9.0353  -9.0492  -9.4077  -9.2682  -9.1135  -11.1638 -11.0957 -11.2274 -13.8296 