# Decimal PFASUM79 substitution matrix
# Rounded to 4 decimal digits
# Units = 1/2 Bits
# Entropy H = 0.708322 Bits
# Pfam seed version = 29.0
#
# For further information on the PFASUM substitution model, see 
#
#    PFASUM: A substitution matrix from Pfam structural alignments
#    Frank Keul, Martin Hess, Michael Goesele, Kay Hamacher
#    BMC Bioinformatics, 18(1), 2017
#    http://dx.doi.org/10.1186/s12859-017-1703-z
#
#    Project Website:
#    http://www.cbs.tu-darmstadt.de/PFASUM
#
  A        R        N        D        C        Q        E        G        H        I        L        K        M        F        P        S        T        W        Y        V        B        Z        J        X        
A 3.6945   -1.3621  -1.2940  -1.4077  0.1427   -0.7043  -0.6932  -0.1320  -1.6687  -1.3388  -1.4550  -1.0278  -0.9132  -2.0894  -0.7688  0.6943   -0.1176  -2.5865  -2.2692  -0.1855  -3.3600  -2.6973  -3.4107  -9.1299  
R -1.3621  5.2799   -0.3767  -1.2110  -2.8568  0.9163   -0.2365  -2.1531  0.2666   -3.1449  -2.6903  2.2000   -1.9444  -3.4833  -1.7156  -0.8078  -0.9198  -2.1119  -1.9234  -2.7320  -2.8353  -1.7591  -4.8531  -9.1936  
N -1.2940  -0.3767  5.6519   1.5027   -2.1950  0.3080   -0.0199  -0.3109  0.8375   -3.5803  -3.4907  0.2808   -2.3488  -3.3641  -1.4611  0.6895   -0.0083  -3.3790  -1.8123  -3.1172  0.5923   -1.8954  -5.5241  -9.0633  
D -1.4077  -1.2110  1.5027   5.4814   -3.7965  0.0924   1.8502   -0.9314  -0.5310  -4.7682  -4.4556  -0.3907  -3.5851  -4.6854  -1.0442  -0.0694  -0.8556  -4.2525  -3.1727  -3.9629  0.8163   -0.6775  -6.5693  -9.2164  
C 0.1427   -2.8568  -2.1950  -3.7965  9.7488   -2.9829  -3.9449  -2.1242  -1.9435  -1.1446  -1.2932  -3.4667  -1.0005  -1.2129  -3.4319  -0.3196  -0.7274  -2.0146  -1.3712  -0.2570  -5.0222  -5.5543  -3.2364  -9.3080  
Q -0.7043  0.9163   0.3080   0.0924   -2.9829  5.1328   1.4247   -1.7445  0.8079   -2.8687  -2.2516  1.2044   -0.9379  -3.2380  -1.2214  -0.2093  -0.4084  -2.7738  -1.9215  -2.3650  -1.8162  0.1726   -4.4686  -8.9737  
E -0.6932  -0.2365  -0.0199  1.8502   -3.9449  1.4247   4.6834   -1.7485  -0.6513  -3.6548  -3.4732  0.6632   -2.5772  -4.3064  -1.0401  -0.4248  -0.6727  -3.7908  -2.8390  -2.8251  -0.7859  0.2832   -5.5402  -9.1469  
G -0.1320  -2.1531  -0.3109  -0.9314  -2.1242  -1.7445  -1.7485  5.7950   -1.9306  -4.3176  -4.0352  -1.7240  -3.2172  -3.7658  -1.8875  -0.1882  -1.6945  -3.5935  -3.6623  -3.4580  -2.6576  -3.7470  -6.1382  -9.5002  
H -1.6687  0.2666   0.8375   -0.5310  -1.9435  0.8079   -0.6513  -1.9306  7.5641   -3.0527  -2.5266  -0.2112  -1.9234  -1.0859  -1.7030  -0.6701  -1.0676  -1.0905  1.2574   -2.6698  -1.8831  -2.0280  -4.7135  -9.1116  
I -1.3388  -3.1449  -3.5803  -4.7682  -1.1446  -2.8687  -3.6548  -4.3176  -3.0527  4.3687   1.6592   -3.1246  1.2205   0.1180   -3.2113  -2.8571  -1.1429  -1.7722  -1.5185  2.5351   -6.2151  -5.3414  -0.0530  -9.0884  
L -1.4550  -2.6903  -3.4907  -4.4556  -1.2932  -2.2516  -3.4732  -4.0352  -2.5266  1.6592   3.9211   -2.9205  1.8268   0.8962   -3.0659  -2.8418  -1.7346  -0.9517  -1.0288  0.7716   -6.0156  -4.9637  -0.1746  -9.2975  
K -1.0278  2.2000   0.2808   -0.3907  -3.4667  1.2044   0.6632   -1.7240  -0.2112  -3.1246  -2.9205  4.7722   -1.9261  -3.8982  -1.1006  -0.3959  -0.4731  -3.2109  -2.4400  -2.6404  -2.0930  -1.1266  -4.9956  -9.0736  
M -0.9132  -1.9444  -2.3488  -3.5851  -1.0005  -0.9379  -2.5772  -3.2172  -1.9234  1.2205   1.8268   -1.9261  6.3437   0.5214   -3.0386  -1.7715  -0.7765  -1.0133  -0.8941  0.4173   -5.0069  -3.8643  -0.3867  -8.9523  
F -2.0894  -3.4833  -3.3641  -4.6854  -1.2129  -3.2380  -4.3064  -3.7658  -1.0859  0.1180   0.8962   -3.8982  0.5214   6.1312   -3.4983  -2.7885  -2.2452  1.7323   2.9150   -0.4469  -6.0626  -5.8678  -1.3726  -9.2212  
P -0.7688  -1.7156  -1.4611  -1.0442  -3.4319  -1.2214  -1.0401  -1.8875  -1.7030  -3.2113  -3.0659  -1.1006  -3.0386  -3.4983  6.9798   -0.3571  -1.1167  -3.3173  -3.2115  -2.4062  -3.2099  -3.1052  -5.1197  -9.4204  
S 0.6943   -0.8078  0.6895   -0.0694  -0.3196  -0.2093  -0.4248  -0.1882  -0.6701  -2.8571  -2.8418  -0.3959  -1.7715  -2.7885  -0.3571  4.0326   1.4098   -2.9252  -2.1982  -2.0293  -1.7301  -2.3440  -4.8476  -9.0241  
T -0.1176  -0.9198  -0.0083  -0.8556  -0.7274  -0.4084  -0.6727  -1.6945  -1.0676  -1.1429  -1.7346  -0.4731  -0.7765  -2.2452  -1.1167  1.4098   4.5458   -2.7522  -2.0439  -0.2957  -2.4736  -2.5730  -3.4975  -9.0384  
W -2.5865  -2.1119  -3.3790  -4.2525  -2.0146  -2.7738  -3.7908  -3.5935  -1.0905  -1.7722  -0.9517  -3.2109  -1.0133  1.7323   -3.3173  -2.9252  -2.7522  10.1073  2.2077   -2.0739  -5.8576  -5.3755  -3.2337  -9.3920  
Y -2.2692  -1.9234  -1.8123  -3.1727  -1.3712  -1.9215  -2.8390  -3.6623  1.2574   -1.5185  -1.0288  -2.4400  -0.8941  2.9150   -3.2115  -2.1982  -2.0439  2.2077   7.0310   -1.6211  -4.5291  -4.4682  -3.2034  -9.2551  
V -0.1855  -2.7320  -3.1172  -3.9629  -0.2570  -2.3650  -2.8251  -3.4580  -2.6698  2.5351   0.7716   -2.6404  0.4173   -0.4469  -2.4062  -2.0293  -0.2957  -2.0739  -1.6211  4.0543   -5.5816  -4.6479  -0.4338  -9.1038  
B -3.3600  -2.8353  0.5923   0.8163   -5.0222  -1.8162  -0.7859  -2.6576  -1.8831  -6.2151  -6.0156  -2.0930  -5.0069  -6.0626  -3.2099  -1.7301  -2.4736  -5.8576  -4.5291  -5.5816  1.6221   -3.1222  -8.0891  -11.1523 
Z -2.6973  -1.7591  -1.8954  -0.6775  -5.5543  0.1726   0.2832   -3.7470  -2.0280  -5.3414  -4.9637  -1.1266  -3.8643  -5.8678  -3.1052  -2.3440  -2.5730  -5.3755  -4.4682  -4.6479  -3.1222  1.0018   -7.1001  -11.0827 
J -3.4107  -4.8531  -5.5241  -6.5693  -3.2364  -4.4686  -5.5402  -6.1382  -4.7135  -0.0530  -0.1746  -4.9956  -0.3867  -1.3726  -5.1197  -4.8476  -3.4975  -3.2337  -3.2034  -0.4338  -8.0891  -7.1001  0.2190   -11.2174 
X -9.1299  -9.1936  -9.0633  -9.2164  -9.3080  -8.9737  -9.1469  -9.5002  -9.1116  -9.0884  -9.2975  -9.0736  -8.9523  -9.2212  -9.4204  -9.0241  -9.0384  -9.3920  -9.2551  -9.1038  -11.1523 -11.0827 -11.2174 -13.8179 