# Decimal PFASUM36 substitution matrix
# Rounded to 4 decimal digits
# Units = 1/4 Bits
# Entropy H = 0.271565 Bits
# Pfam seed version = 29.0
#
# For further information on the PFASUM substitution model, see 
#
#    PFASUM: A substitution matrix from Pfam structural alignments
#    Frank Keul, Martin Hess, Michael Goesele, Kay Hamacher
#    BMC Bioinformatics, 18(1), 2017
#    http://dx.doi.org/10.1186/s12859-017-1703-z
#
#    Project Website:
#    http://www.cbs.tu-darmstadt.de/PFASUM
#
  A        R        N        D        C        Q        E        G        H        I        L        K        M        F        P        S        T        W        Y        V        B        Z        J        X        
A 4.4635   -1.1269  -1.4180  -1.5220  0.6702   -0.5419  -0.7152  0.4173   -1.7943  -1.0106  -0.9883  -1.1477  -0.3321  -1.8333  -0.6232  0.9013   0.1146   -2.5179  -2.1458  0.2198   -5.4757  -4.6484  -4.9967  -17.8290 
R -1.1269  7.2777   0.3675   -0.2640  -3.4521  2.1062   1.0353   -1.8917  1.0706   -3.9483  -3.3846  3.5220   -2.2058  -4.1037  -1.1084  -0.2698  -0.4138  -2.2390  -1.8323  -3.2274  -3.9760  -2.5322  -7.5912  -17.8457 
N -1.4180  0.3675   7.2024   2.8895   -2.8741  1.1990   0.9970   0.4621   1.2497   -4.6502  -4.5950  1.3626   -2.8923  -4.1766  -0.8861  1.4261   0.5376   -4.0914  -1.9496  -4.0425  -0.9699  -2.9251  -8.6158  -17.7266 
D -1.5220  -0.2640  2.8895   8.0508   -4.7147  1.1540   3.2599   -0.3695  -0.0404  -6.1059  -5.8034  0.7363   -4.4487  -5.9368  -0.2046  0.7127   -0.3300  -5.2264  -3.7318  -5.0776  -0.4346  -1.4562  -9.9159  -17.9407 
C 0.6702   -3.4521  -2.8741  -4.7147  16.6648  -3.6354  -4.6545  -2.1098  -1.9495  -0.2999  -0.5286  -4.1594  -0.1456  -0.4218  -3.7576  -0.3549  -0.7504  -1.8442  -0.9722  0.5020   -7.8271  -8.2441  -4.4411  -17.9716 
Q -0.5419  2.1062   1.1990   1.1540   -3.6354  6.0104   2.7282   -1.5693  1.2467   -3.7322  -3.1584  2.3635   -1.3547  -4.0511  -0.9171  0.4240   0.1349   -3.2053  -1.9664  -3.0406  -2.8260  -1.5353  -7.3687  -17.5952 
E -0.7152  1.0353   0.9970   3.2599   -4.6545  2.7282   6.4363   -1.6552  -0.0469  -4.7706  -4.5490  2.1176   -3.1913  -5.3814  -0.5429  0.2549   -0.1317  -4.6742  -3.1363  -3.7856  -1.6345  -1.4505  -8.6318  -17.8355 
G 0.4173   -1.8917  0.4621   -0.3695  -2.1098  -1.5693  -1.6552  9.2081   -1.8406  -4.9433  -4.6459  -1.5692  -3.3086  -4.0752  -1.1569  0.4905   -1.3052  -3.8787  -3.7864  -3.8365  -3.9866  -5.6223  -8.7565  -18.2952 
H -1.7943  1.0706   1.2497   -0.0404  -1.9495  1.2467   -0.0469  -1.8406  11.9518  -3.7860  -3.2330  0.2942   -2.0258  -1.5654  -1.3445  -0.4135  -0.8857  -0.9030  1.8055   -3.1861  -3.4336  -3.5185  -7.4358  -17.7923 
I -1.0106  -3.9483  -4.6502  -6.1059  -0.2999  -3.7322  -4.7706  -4.9433  -3.7860  5.7423   3.2097   -4.0400  2.2974   1.6026   -3.7158  -3.3161  -1.3445  -1.2155  -0.8087  3.9989   -9.4160  -8.3520  -1.3021  -17.8234 
L -0.9883  -3.3846  -4.5950  -5.8034  -0.5286  -3.1584  -4.5490  -4.6459  -3.2330  3.2097   5.2914   -3.9948  3.0157   2.3149   -3.6078  -3.3853  -1.9387  -0.1695  -0.4177  2.0385   -9.2371  -7.9780  -1.9068  -18.1244 
K -1.1477  3.5220   1.3626   0.7363   -4.1594  2.3635   2.1176   -1.5692  0.2942   -4.0400  -3.9948  6.3500   -2.5692  -4.8383  -0.5719  0.2213   -0.0161  -3.8838  -2.5536  -3.5018  -2.9781  -1.7873  -8.0119  -17.7519 
M -0.3321  -2.2058  -2.8923  -4.4487  -0.1456  -1.3547  -3.1913  -3.3086  -2.0258  2.2974   3.0157   -2.5692  7.1941   1.7387   -3.2159  -1.7997  -0.7238  -0.2182  -0.0349  1.3838   -7.7077  -6.4199  -1.2454  -17.5035 
F -1.8333  -4.1037  -4.1766  -5.9368  -0.4218  -4.0511  -5.3814  -4.0752  -1.5654  1.6026   2.3149   -4.8383  1.7387   8.1833   -3.7453  -3.1613  -2.2739  3.3693   4.4153   0.7286   -9.0910  -8.8369  -1.9441  -17.8778 
P -0.6232  -1.1084  -0.8861  -0.2046  -3.7576  -0.9171  -0.5429  -1.1569  -1.3445  -3.7158  -3.6078  -0.5719  -3.2159  -3.7453  11.0289  0.1469   -0.7078  -3.3789  -3.3720  -2.6933  -4.4963  -4.6829  -7.6484  -18.1220 
S 0.9013   -0.2698  1.4261   0.7127   -0.3549  0.4240   0.2549   0.4905   -0.4135  -3.3161  -3.3853  0.2213   -1.7997  -3.1613  0.1469   4.4937   2.0893   -3.2814  -2.2151  -2.3322  -2.9606  -3.6799  -7.3590  -17.7162 
T 0.1146   -0.4138  0.5376   -0.3300  -0.7504  0.1349   -0.1317  -1.3052  -0.8857  -1.3445  -1.9387  -0.0161  -0.7238  -2.2739  -0.7078  2.0893   5.0789   -2.9096  -1.8153  -0.2815  -3.9299  -4.0285  -5.7069  -17.6753 
W -2.5179  -2.2390  -4.0914  -5.2264  -1.8442  -3.2053  -4.6742  -3.8787  -0.9030  -1.2155  -0.1695  -3.8838  -0.2182  3.3693   -3.3789  -3.2814  -2.9096  16.5013  4.2328   -1.6305  -8.6963  -8.0686  -4.5429  -18.0584 
Y -2.1458  -1.8323  -1.9496  -3.7318  -0.9722  -1.9664  -3.1363  -3.7864  1.8055   -0.8087  -0.4177  -2.5536  -0.0349  4.4153   -3.3720  -2.2151  -1.8153  4.2328   9.9394   -0.9527  -6.8746  -6.6614  -4.5624  -17.9065 
V 0.2198   -3.2274  -4.0425  -5.0776  0.5020   -3.0406  -3.7856  -3.8365  -3.1861  3.9989   2.0385   -3.5018  1.3838   0.7286   -2.6933  -2.3322  -0.2815  -1.6305  -0.9527  5.1700   -8.5964  -7.4898  -1.1404  -17.8119 
B -5.4757  -3.9760  -0.9699  -0.4346  -7.8271  -2.8260  -1.6345  -3.9866  -3.4336  -9.4160  -9.2371  -2.9781  -7.7077  -9.0910  -4.4963  -2.9606  -3.9299  -8.6963  -6.8746  -8.5964  -0.1870  -6.0607  -13.3041 -21.8459 
Z -4.6484  -2.5322  -2.9251  -1.4562  -8.2441  -1.5353  -1.4505  -5.6223  -3.5185  -8.3520  -7.9780  -1.7873  -6.4199  -8.8369  -4.6829  -3.6799  -4.0285  -8.0686  -6.6614  -7.4898  -6.0607  -1.3635  -12.1166 -21.7435 
J -4.9967  -7.5912  -8.6158  -9.9159  -4.4411  -7.3687  -8.6318  -8.7565  -7.4358  -1.3021  -1.9068  -8.0119  -1.2454  -1.9441  -7.6484  -7.3590  -5.7069  -4.5429  -4.5624  -1.1404  -13.3041 -12.1166 -2.2497  -22.0096 
X -17.8290 -17.8457 -17.7266 -17.9407 -17.9716 -17.5952 -17.8355 -18.2952 -17.7923 -17.8234 -18.1244 -17.7519 -17.5035 -17.8778 -18.1220 -17.7162 -17.6753 -18.0584 -17.9065 -17.8119 -21.8459 -21.7435 -22.0096 -27.1637 