# Decimal PFASUM17 substitution matrix
# Rounded to 4 decimal digits
# Units = 1/6 Bits
# Entropy H = 0.11829 Bits
# Pfam seed version = 29.0
#
# For further information on the PFASUM substitution model, see 
#
#    PFASUM: A substitution matrix from Pfam structural alignments
#    Frank Keul, Martin Hess, Michael Goesele, Kay Hamacher
#    BMC Bioinformatics, 18(1), 2017
#    http://dx.doi.org/10.1186/s12859-017-1703-z
#
#    Project Website:
#    http://www.cbs.tu-darmstadt.de/PFASUM
#
  A        R        N        D        C        Q        E        G        H        I        L        K        M        F        P        S        T        W        Y        V        B        Z        J        X        
A 3.6843   -1.0838  -1.0625  -1.2907  0.8994   -0.5252  -0.6144  1.2443   -1.4514  -0.3393  -0.5548  -1.1355  -0.3238  -1.5438  -0.2841  0.8942   0.4612   -2.3978  -1.4499  0.4982   -7.1805  -6.5791  -6.4695  -26.4243 
R -1.0838  7.5812   1.2152   0.5994   -2.9656  2.4725   1.6250   -1.5834  1.5171   -4.5437  -3.7024  4.4084   -1.7366  -4.1494  -0.6757  0.2510   0.1318   -2.0548  -1.8624  -3.2432  -5.0998  -4.0306  -10.0230 -26.4430 
N -1.0625  1.2152   5.9880   3.9155   -3.1688  2.0192   1.8366   1.0656   1.9011   -4.8521  -4.7975  1.8541   -2.9592  -4.1131  -0.2449  1.6861   0.7463   -4.4102  -2.0451  -4.3055  -3.7488  -4.0909  -10.8189 -26.3599 
D -1.2907  0.5994   3.9155   8.6652   -3.7064  1.6165   4.0486   0.2172   0.5609   -6.3670  -6.0291  1.6359   -5.1536  -5.8508  0.4993   1.2731   0.0471   -5.6953  -3.9431  -5.2004  -2.7127  -2.8313  -12.1602 -26.5730 
C 0.8994   -2.9656  -3.1688  -3.7064  16.8062  -2.8075  -3.0340  -1.2718  -0.3129  0.7371   0.7058   -3.3498  0.9983   0.8051   -2.0132  -0.5020  0.1602   -0.0814  -0.5246  1.5172   -9.4444  -8.9439  -5.2819  -26.2930 
Q -0.5252  2.4725   2.0192   1.6165   -2.8075  6.0435   2.9274   -0.5392  1.2335   -4.0134  -3.6505  2.7797   -2.0456  -4.0741  -0.4471  1.0152   0.3707   -3.1742  -2.1485  -3.5058  -4.1881  -4.0989  -9.7911  -26.2611 
E -0.6144  1.6250   1.8366   4.0486   -3.0340  2.9274   6.6639   -1.1538  0.5215   -5.1371  -4.7160  3.1607   -3.2005  -5.8478  0.1694   0.7437   0.2797   -5.0073  -2.9510  -4.3355  -2.9421  -4.3711  -10.8788 -26.4816 
G 1.2443   -1.5834  1.0656   0.2172   -1.2718  -0.5392  -1.1538  10.3916  -0.8250  -4.5187  -4.3788  -0.7575  -3.0256  -3.7328  0.3127   0.9430   -0.9574  -2.7087  -3.3168  -3.2984  -5.3655  -6.9061  -10.4335 -26.8177 
H -1.4514  1.5171   1.9011   0.5609   -0.3129  1.2335   0.5215   -0.8250  12.2796  -3.7949  -3.5124  1.0455   -1.4465  -1.3879  -0.6801  0.2240   -0.4561  -1.2743  1.9229   -2.8382  -4.7705  -5.1905  -9.6222  -26.2982 
I -0.3393  -4.5437  -4.8521  -6.3670  0.7371   -4.0134  -5.1371  -4.5187  -3.7949  5.8466   4.0872   -4.4992  2.8883   2.6478   -4.3417  -3.2277  -1.2126  -0.0333  0.0627   4.5614   -11.6074 -10.6761 -3.3404  -26.5475 
L -0.5548  -3.7024  -4.7975  -6.0291  0.7058   -3.6505  -4.7160  -4.3788  -3.5124  4.0872   5.5136   -4.4653  3.0257   3.2159   -3.8495  -3.3425  -1.5236  0.8513   0.2989   3.0311   -11.4166 -10.2797 -4.3950  -26.8650 
K -1.1355  4.4084   1.8541   1.6359   -3.3498  2.7797   3.1607   -0.7575  1.0455   -4.4992  -4.4653  5.9534   -2.9881  -4.9839  0.1237   0.6448   0.0525   -4.1464  -2.2041  -4.0015  -4.2588  -2.9876  -10.4786 -26.4236 
M -0.3238  -1.7366  -2.9592  -5.1536  0.9983   -2.0456  -3.2005  -3.0256  -1.4465  2.8883   3.0257   -2.9881  6.9662   2.0189   -2.5315  -1.8738  -0.5794  0.5926   0.7399   1.9800   -10.0318 -8.7262  -3.0280  -26.1615 
F -1.5438  -4.1494  -4.1131  -5.8508  0.8051   -4.0741  -5.8478  -3.7328  -1.3879  2.6478   3.2159   -4.9839  2.0189   8.0386   -3.6479  -3.4097  -1.6762  4.5865   4.8634   1.5605   -10.9739 -11.1039 -3.0027  -26.4998 
P -0.2841  -0.6757  -0.2449  0.4993   -2.0132  -0.4471  0.1694   0.3127   -0.6801  -4.3417  -3.8495  0.1237   -2.5315  -3.6479  12.8033  0.4028   -0.2570  -3.7540  -2.6658  -3.2867  -5.8496  -6.0686  -10.0394 -26.6949 
S 0.8942   0.2510   1.6861   1.2731   -0.5020  1.0152   0.7437   0.9430   0.2240   -3.2277  -3.3425  0.6448   -1.8738  -3.4097  0.4028   3.9305   1.8891   -3.6113  -1.7118  -2.4444  -4.5264  -5.1481  -9.2973  -26.4456 
T 0.4612   0.1318   0.7463   0.0471   0.1602   0.3707   0.2797   -0.9574  -0.4561  -1.2126  -1.5236  0.0525   -0.5794  -1.6762  -0.2570  1.8891   3.2899   -3.3366  -1.0114  -0.2997  -5.6105  -5.6843  -7.4002  -26.2823 
W -2.3978  -2.0548  -4.4102  -5.6953  -0.0814  -3.1742  -5.0073  -2.7087  -1.2743  -0.0333  0.8513   -4.1464  0.5926   4.5865   -3.7540  -3.6113  -3.3366  20.3341  4.9794   -1.0360  -11.0552 -10.2370 -5.4853  -26.5974 
Y -1.4499  -1.8624  -2.0451  -3.9431  -0.5246  -2.1485  -2.9510  -3.3168  1.9229   0.0627   0.2989   -2.2041  0.7399   4.8634   -2.6658  -1.7118  -1.0114  4.9794   9.1942   0.1939   -8.9809  -8.6254  -5.7931  -26.4343 
V 0.4982   -3.2432  -4.3055  -5.2004  1.5172   -3.5058  -4.3355  -3.2984  -2.8382  4.5614   3.0311   -4.0015  1.9800   1.5605   -3.2867  -2.4444  -0.2997  -1.0360  0.1939   5.0445   -10.7597 -9.9985  -2.3355  -26.4731 
B -7.1805  -5.0998  -3.7488  -2.7127  -9.4444  -4.1881  -2.9421  -5.3655  -4.7705  -11.6074 -11.4166 -4.2588  -10.0318 -10.9739 -5.8496  -4.5264  -5.6105  -11.0552 -8.9809  -10.7597 -4.4481  -9.4125  -17.4910 -32.4703 
Z -6.5791  -4.0306  -4.0909  -2.8313  -8.9439  -4.0989  -4.3711  -6.9061  -5.1905  -10.6761 -10.2797 -2.9876  -8.7262  -11.1039 -6.0686  -5.1481  -5.6843  -10.2370 -8.6254  -9.9985  -9.4125  -5.1400  -16.4332 -32.3941 
J -6.4695  -10.0230 -10.8189 -12.1602 -5.2819  -9.7911  -10.8788 -10.4335 -9.6222  -3.3404  -4.3950  -10.4786 -3.0280  -3.0027  -10.0394 -9.2973  -7.4002  -5.4853  -5.7931  -2.3355  -17.4910 -16.4332 -5.9962  -32.7393 
X -26.4243 -26.4430 -26.3599 -26.5730 -26.2930 -26.2611 -26.4816 -26.8177 -26.2982 -26.5475 -26.8650 -26.4236 -26.1615 -26.4998 -26.6949 -26.4456 -26.2823 -26.5974 -26.4343 -26.4731 -32.4703 -32.3941 -32.7393 -40.4401 