# Decimal PFASUM41 substitution matrix
# Rounded to 4 decimal digits
# Units = 1/4 Bits
# Entropy H = 0.317651 Bits
# Pfam seed version = 29.0
#
# For further information on the PFASUM substitution model, see 
#
#    PFASUM: A substitution matrix from Pfam structural alignments
#    Frank Keul, Martin Hess, Michael Goesele, Kay Hamacher
#    BMC Bioinformatics, 18(1), 2017
#    http://dx.doi.org/10.1186/s12859-017-1703-z
#
#    Project Website:
#    http://www.cbs.tu-darmstadt.de/PFASUM
#
  A        R        N        D        C        Q        E        G        H        I        L        K        M        F        P        S        T        W        Y        V        B        Z        J        X        
A 4.8848   -1.2844  -1.5666  -1.6684  0.6474   -0.6235  -0.7741  0.3577   -1.9439  -1.1873  -1.2085  -1.2422  -0.4793  -2.1191  -0.6995  0.9875   0.0874   -2.8544  -2.4259  0.1768   -5.6235  -4.7164  -5.2005  -17.8766 
R -1.2844  7.7169   0.2812   -0.4781  -3.8254  2.1396   0.9243   -2.1488  1.0740   -4.2124  -3.6432  3.6886   -2.3563  -4.4488  -1.3597  -0.3468  -0.5101  -2.4924  -2.0141  -3.4948  -4.1328  -2.5837  -7.8515  -17.8995 
N -1.5666  0.2812   7.7570   2.9915   -3.1537  1.1613   0.9125   0.3843   1.3608   -5.0016  -4.9441  1.2996   -3.1301  -4.5114  -1.1038  1.4641   0.4891   -4.4754  -2.1484  -4.3651  -0.6603  -2.9918  -8.9657  -17.7675 
D -1.6684  -0.4781  2.9915   8.4516   -5.1840  1.0697   3.3331   -0.5038  -0.0926  -6.5671  -6.2288  0.5905   -4.7499  -6.3886  -0.4088  0.6724   -0.4525  -5.6783  -4.0669  -5.4675  -0.1436  -1.4254  -10.3542 -17.9953 
C 0.6474   -3.8254  -3.1537  -5.1840  17.3391  -4.0170  -5.1161  -2.4598  -2.1840  -0.6064  -0.8425  -4.5667  -0.4147  -0.7115  -4.2036  -0.4557  -0.9083  -2.1228  -1.2080  0.3264   -8.2052  -8.6739  -4.7522  -18.0825 
Q -0.6235  2.1396   1.1613   1.0697   -4.0170  6.5698   2.7814   -1.7793  1.3399   -3.9804  -3.3623  2.4261   -1.4214  -4.3592  -1.1053  0.3787   0.0699   -3.5338  -2.1767  -3.2515  -2.8899  -1.2980  -7.5879  -17.6286 
E -0.7741  0.9243   0.9125   3.3331   -5.1161  2.7814   6.8032   -1.8515  -0.1193  -5.0750  -4.8674  2.0793   -3.3823  -5.7746  -0.6923  0.1925   -0.2176  -5.0318  -3.4186  -4.0151  -1.6060  -1.2051  -8.9449  -17.8808 
G 0.3577   -2.1488  0.3843   -0.5038  -2.4598  -1.7793  -1.8515  9.6260   -2.0484  -5.4627  -5.1311  -1.7763  -3.7333  -4.5594  -1.4372  0.4035   -1.5773  -4.3750  -4.2400  -4.2869  -4.0975  -5.8240  -9.2540  -18.3909 
H -1.9439  1.0740   1.3608   -0.0926  -2.1840  1.3399   -0.1193  -2.0484  12.3105  -4.0367  -3.4448  0.2821   -2.1793  -1.5591  -1.6065  -0.4282  -0.9618  -1.0273  1.9784   -3.4141  -3.4100  -3.5211  -7.6611  -17.8232 
I -1.1873  -4.2124  -5.0016  -6.5671  -0.6064  -3.9804  -5.0750  -5.4627  -4.0367  6.1554   3.2891   -4.2894  2.3664   1.4853   -4.0598  -3.6238  -1.4681  -1.5195  -1.0554  4.2130   -9.8281  -8.6347  -1.1131  -17.8612 
L -1.2085  -3.6432  -4.9441  -6.2288  -0.8425  -3.3623  -4.8674  -5.1311  -3.4448  3.2891   5.6837   -4.2259  3.1763   2.3243   -3.9551  -3.7036  -2.1496  -0.3671  -0.5958  2.0251   -9.6301  -8.2489  -1.6569  -18.1839 
K -1.2422  3.6886   1.2996   0.5905   -4.5667  2.4261   2.0793   -1.7763  0.2821   -4.2894  -4.2259  6.7252   -2.6605  -5.1914  -0.7299  0.1703   -0.0633  -4.2108  -2.7951  -3.7295  -3.0879  -1.7866  -8.2498  -17.7866 
M -0.4793  -2.3563  -3.1301  -4.7499  -0.4147  -1.4214  -3.3823  -3.7333  -2.1793  2.3664   3.1763   -2.6605  8.0779   1.7248   -3.5598  -2.0014  -0.8078  -0.4280  -0.2051  1.3441   -7.9833  -6.5576  -1.1161  -17.5392 
F -2.1191  -4.4488  -4.5114  -6.3886  -0.7115  -4.3592  -5.7746  -4.5594  -1.5591  1.4853   2.3243   -5.1914  1.7248   8.8836   -4.1664  -3.4992  -2.5639  3.4425   4.7124   0.5629   -9.4897  -9.1957  -1.9782  -17.9430 
P -0.6995  -1.3597  -1.1038  -0.4088  -4.2036  -1.1053  -0.6923  -1.4372  -1.6065  -4.0598  -3.9551  -0.7299  -3.5598  -4.1664  11.5493  0.0664   -0.8769  -3.7707  -3.7619  -2.9650  -4.7032  -4.8456  -7.9944  -18.2124 
S 0.9875   -0.3468  1.4641   0.6724   -0.4557  0.3787   0.1925   0.4035   -0.4282  -3.6238  -3.7036  0.1703   -2.0014  -3.4992  0.0664   4.9109   2.2500   -3.6315  -2.4617  -2.5562  -2.9671  -3.7361  -7.6734  -17.7448 
T 0.0874   -0.5101  0.4891   -0.4525  -0.9083  0.0699   -0.2176  -1.5773  -0.9618  -1.4681  -2.1496  -0.0633  -0.8078  -2.5639  -0.8769  2.2500   5.6298   -3.2444  -2.0670  -0.3119  -4.0207  -4.1067  -5.8828  -17.7157 
W -2.8544  -2.4924  -4.4754  -5.6783  -2.1228  -3.5338  -5.0318  -4.3750  -1.0273  -1.5195  -0.3671  -4.2108  -0.4280  3.4425   -3.7707  -3.6315  -3.2444  17.2543  4.3335   -1.9626  -9.1199  -8.4165  -4.7755  -18.1613 
Y -2.4259  -2.0141  -2.1484  -4.0669  -1.2080  -2.1767  -3.4186  -4.2400  1.9784   -1.0554  -0.5958  -2.7951  -0.2051  4.7124   -3.7619  -2.4617  -2.0670  4.3335   10.6488  -1.2210  -7.1466  -6.9152  -4.7650  -17.9791 
V 0.1768   -3.4948  -4.3651  -5.4675  0.3264   -3.2515  -4.0151  -4.2869  -3.4141  4.2130   2.0251   -3.7295  1.3441   0.5629   -2.9650  -2.5562  -0.3119  -1.9626  -1.2210  5.6053   -8.9581  -7.7132  -1.0492  -17.8603 
B -5.6235  -4.1328  -0.6603  -0.1436  -8.2052  -2.8899  -1.6060  -4.0975  -3.4100  -9.8281  -9.6301  -3.0879  -7.9833  -9.4897  -4.7032  -2.9671  -4.0207  -9.1199  -7.1466  -8.9581  0.2852   -6.0605  -13.7040 -21.8951 
Z -4.7164  -2.5837  -2.9918  -1.4254  -8.6739  -1.2980  -1.2051  -5.8240  -3.5211  -8.6347  -8.2489  -1.7866  -6.5576  -9.1957  -4.8456  -3.7361  -4.1067  -8.4165  -6.9152  -7.7132  -6.0605  -0.9344  -12.3915 -21.7845 
J -5.2005  -7.8515  -8.9657  -10.3542 -4.7522  -7.5879  -8.9449  -9.2540  -7.6611  -1.1131  -1.6569  -8.2498  -1.1161  -1.9782  -7.9944  -7.6734  -5.8828  -4.7755  -4.7650  -1.0492  -13.7040 -12.3915 -1.8489  -22.0606 
X -17.8766 -17.8995 -17.7675 -17.9953 -18.0825 -17.6286 -17.8808 -18.3909 -17.8232 -17.8612 -18.1839 -17.7866 -17.5392 -17.9430 -18.2124 -17.7448 -17.7157 -18.1613 -17.9791 -17.8603 -21.8951 -21.7845 -22.0606 -27.2166 