# Decimal PFASUM49 substitution matrix
# Rounded to 4 decimal digits
# Units = 1/3 Bits
# Entropy H = 0.390042 Bits
# Pfam seed version = 29.0
#
# For further information on the PFASUM substitution model, see 
#
#    PFASUM: A substitution matrix from Pfam structural alignments
#    Frank Keul, Martin Hess, Michael Goesele, Kay Hamacher
#    BMC Bioinformatics, 18(1), 2017
#    http://dx.doi.org/10.1186/s12859-017-1703-z
#
#    Project Website:
#    http://www.cbs.tu-darmstadt.de/PFASUM
#
  A        R        N        D        C        Q        E        G        H        I        L        K        M        F        P        S        T        W        Y        V        B        Z        J        X        
A 4.0751   -1.1301  -1.3032  -1.3950  0.4146   -0.5349  -0.6442  0.1865   -1.6371  -1.1007  -1.1563  -1.0137  -0.5462  -1.9187  -0.5933  0.8187   0.0412   -2.5018  -2.1374  0.0742   -4.3551  -3.6026  -4.1354  -13.4600 
R -1.1301  6.2840   0.0689   -0.6319  -3.1955  1.6039   0.5290   -1.9244  0.7761   -3.4686  -3.0051  2.9213   -1.9643  -3.7389  -1.3126  -0.3997  -0.5382  -2.1358  -1.7644  -2.9060  -3.3152  -2.0328  -6.1732  -13.4923 
N -1.3032  0.0689   6.3979   2.2986   -2.5055  0.8240   0.5683   0.1737   1.0953   -4.1251  -4.0611  0.8841   -2.5944  -3.7648  -1.0604  1.1294   0.3326   -3.7386  -1.8502  -3.5774  -0.1920  -2.3333  -7.0850  -13.3718 
D -1.3950  -0.6319  2.2986   6.7670   -4.3304  0.6823   2.5736   -0.5458  -0.1820  -5.4208  -5.1188  0.2470   -3.9182  -5.2924  -0.5389  0.4377   -0.5016  -4.7228  -3.4221  -4.5046  0.1927   -1.0481  -8.2296  -13.5604 
C 0.4146   -3.1955  -2.5055  -4.3304  13.5121  -3.3495  -4.2772  -2.1499  -1.8869  -0.7418  -0.9326  -3.8004  -0.5826  -0.8087  -3.5744  -0.4065  -0.8120  -1.9144  -1.1543  0.0705   -6.4467  -6.9028  -3.8600  -13.6625 
Q -0.5349  1.6039   0.8240   0.6823   -3.3495  5.5125   2.1313   -1.5688  1.0768   -3.2695  -2.7329  1.8662   -1.1138  -3.6257  -1.0196  0.2092   -0.0304  -3.0308  -1.8953  -2.6724  -2.2559  -0.7206  -5.9265  -13.2615 
E -0.6442  0.5290   0.5683   2.5736   -4.2772  2.1313   5.5186   -1.6200  -0.2310  -4.1445  -3.9897  1.4906   -2.7694  -4.7805  -0.6820  0.0434   -0.2950  -4.1590  -2.9104  -3.2533  -1.1818  -0.6237  -7.0471  -13.4647 
G 0.1865   -1.9244  0.1737   -0.5458  -2.1499  -1.5688  -1.6200  7.6117   -1.7899  -4.6520  -4.3713  -1.5733  -3.2349  -3.9463  -1.4031  0.1953   -1.4520  -3.7813  -3.6836  -3.6810  -3.2202  -4.6006  -7.4745  -13.8948 
H -1.6371  0.7761   1.0953   -0.1820  -1.8869  1.0768   -0.2310  -1.7899  9.7021   -3.3448  -2.8402  0.1527   -1.8434  -1.2443  -1.5010  -0.4167  -0.8715  -0.9311  1.6360   -2.8394  -2.5836  -2.6893  -6.0227  -13.4188 
I -1.1007  -3.4686  -4.1251  -5.4208  -0.7418  -3.2695  -4.1445  -4.6520  -3.3448  5.0763   2.5289   -3.5118  1.8288   0.9551   -3.4175  -3.0601  -1.2412  -1.4697  -1.0834  3.3776   -7.8131  -6.7927  -0.6354  -13.4394 
L -1.1563  -3.0051  -4.0611  -5.1188  -0.9326  -2.7329  -3.9897  -4.3713  -2.8402  2.5289   4.6665   -3.4287  2.5192   1.6951   -3.3252  -3.1219  -1.8406  -0.5071  -0.6644  1.4894   -7.6299  -6.4709  -0.9895  -13.7055 
K -1.0137  2.9213   0.8841   0.2470   -3.8004  1.8662   1.4906   -1.5733  0.1527   -3.5118  -3.4287  5.4923   -2.1431  -4.3066  -0.7362  0.0412   -0.1371  -3.5499  -2.4066  -3.0179  -2.4662  -1.3636  -6.4597  -13.3843 
M -0.5462  -1.9643  -2.5944  -3.9182  -0.5826  -1.1138  -2.7694  -3.2349  -1.8434  1.8288   2.5192   -2.1431  6.9935   1.2408   -3.0403  -1.7324  -0.7290  -0.5588  -0.3676  0.9542   -6.2963  -5.0673  -0.7271  -13.2016 
F -1.9187  -3.7389  -3.7648  -5.2924  -0.8087  -3.6257  -4.7805  -3.9463  -1.2443  0.9551   1.6951   -4.3066  1.2408   7.3668   -3.5681  -2.9931  -2.2517  2.6274   3.8076   0.2182   -7.5658  -7.3071  -1.5679  -13.5375 
P -0.5933  -1.3126  -1.0604  -0.5389  -3.5744  -1.0196  -0.6820  -1.4031  -1.5010  -3.4175  -3.3252  -0.7362  -3.0403  -3.5681  9.1318   -0.0503  -0.8337  -3.3184  -3.2536  -2.5100  -3.7565  -3.8065  -6.3596  -13.7545 
S 0.8187   -0.3997  1.1294   0.4377   -0.4065  0.2092   0.0434   0.1953   -0.4167  -3.0601  -3.1219  0.0412   -1.7324  -2.9931  -0.0503  4.1765   1.8355   -3.1075  -2.1494  -2.1570  -2.2499  -2.8932  -6.0986  -13.3465 
T 0.0412   -0.5382  0.3326   -0.5016  -0.8120  -0.0304  -0.2950  -1.4520  -0.8715  -1.2412  -1.8406  -0.1371  -0.7290  -2.2517  -0.8337  1.8355   4.8156   -2.8144  -1.8664  -0.2674  -3.1214  -3.1931  -4.6059  -13.3355 
W -2.5018  -2.1358  -3.7386  -4.7228  -1.9144  -3.0308  -4.1590  -3.7813  -0.9311  -1.4697  -0.5071  -3.5499  -0.5588  2.6274   -3.3184  -3.1075  -2.8144  13.5968  3.2990   -1.8211  -7.2700  -6.6973  -3.8436  -13.7311 
Y -2.1374  -1.7644  -1.8502  -3.4221  -1.1543  -1.8953  -2.9104  -3.6836  1.6360   -1.0834  -0.6644  -2.4066  -0.3676  3.8076   -3.2536  -2.1494  -1.8664  3.2990   8.6893   -1.2110  -5.6723  -5.4982  -3.8169  -13.5690 
V 0.0742   -2.9060  -3.5774  -4.5046  0.0705   -2.6724  -3.2533  -3.6810  -2.8394  3.3776   1.4894   -3.0179  0.9542   0.2182   -2.5100  -2.1570  -0.2674  -1.8211  -1.2110  4.6473   -7.0795  -6.0245  -0.7029  -13.4451 
B -4.3551  -3.3152  -0.1920  0.1927   -6.4467  -2.2559  -1.1818  -3.2202  -2.5836  -7.8131  -7.6299  -2.4662  -6.2963  -7.5658  -3.7565  -2.2499  -3.1214  -7.2700  -5.6723  -7.0795  0.7149   -4.5572  -10.6978 -16.4785 
Z -3.6026  -2.0328  -2.3333  -1.0481  -6.9028  -0.7206  -0.6237  -4.6006  -2.6893  -6.7927  -6.4709  -1.3636  -5.0673  -7.3071  -3.8065  -2.8932  -3.1931  -6.6973  -5.4982  -6.0245  -4.5572  -0.2326  -9.5888  -16.3873 
J -4.1354  -6.1732  -7.0850  -8.2296  -3.8600  -5.9265  -7.0471  -7.4745  -6.0227  -0.6354  -0.9895  -6.4597  -0.7271  -1.5679  -6.3596  -6.0986  -4.6059  -3.8436  -3.8169  -0.7029  -10.6978 -9.5888  -0.9593  -16.6042 
X -13.4600 -13.4923 -13.3718 -13.5604 -13.6625 -13.2615 -13.4647 -13.8948 -13.4188 -13.4394 -13.7055 -13.3843 -13.2016 -13.5375 -13.7545 -13.3465 -13.3355 -13.7311 -13.5690 -13.4451 -16.4785 -16.3873 -16.6042 -20.4735 