# Decimal PFASUM38 substitution matrix
# Rounded to 4 decimal digits
# Units = 1/4 Bits
# Entropy H = 0.289988 Bits
# Pfam seed version = 29.0
#
# For further information on the PFASUM substitution model, see 
#
#    PFASUM: A substitution matrix from Pfam structural alignments
#    Frank Keul, Martin Hess, Michael Goesele, Kay Hamacher
#    BMC Bioinformatics, 18(1), 2017
#    http://dx.doi.org/10.1186/s12859-017-1703-z
#
#    Project Website:
#    http://www.cbs.tu-darmstadt.de/PFASUM
#
  A        R        N        D        C        Q        E        G        H        I        L        K        M        F        P        S        T        W        Y        V        B        Z        J        X        
A 4.6377   -1.1985  -1.4722  -1.5784  0.6716   -0.5743  -0.7405  0.3983   -1.8518  -1.0807  -1.0787  -1.1906  -0.3923  -1.9465  -0.6476  0.9360   0.1030   -2.6454  -2.2576  0.2016   -5.5313  -4.6767  -5.0794  -17.8480 
R -1.1985  7.4677   0.3298   -0.3459  -3.6040  2.1236   0.9913   -2.0013  1.0783   -4.0571  -3.4952  3.5988   -2.2728  -4.2488  -1.2105  -0.3010  -0.4529  -2.3441  -1.9039  -3.3459  -4.0380  -2.5512  -7.7012  -17.8678 
N -1.4722  0.3298   7.4284   2.9323   -2.9737  1.1879   0.9657   0.4303   1.3016   -4.7995  -4.7378  1.3408   -2.9890  -4.3161  -0.9694  1.4436   0.5181   -4.2585  -2.0211  -4.1793  -0.8435  -2.9487  -8.7610  -17.7430 
D -1.5784  -0.3459  2.9323   8.2100   -4.9151  1.1276   3.2951   -0.4196  -0.0471  -6.2947  -5.9776  0.6816   -4.5746  -6.1261  -0.2797  0.7056   -0.3743  -5.4111  -3.8598  -5.2403  -0.3192  -1.4371  -10.0954 -17.9612 
C 0.6716   -3.6040  -2.9737  -4.9151  16.9310  -3.7812  -4.8326  -2.2513  -2.0447  -0.4183  -0.6443  -4.3216  -0.2408  -0.5298  -3.9292  -0.3806  -0.7985  -1.9358  -1.0527  0.4456   -7.9774  -8.4096  -4.5578  -18.0127 
Q -0.5743  2.1236   1.1879   1.1276   -3.7812  6.2337   2.7545   -1.6647  1.3004   -3.8366  -3.2413  2.3911   -1.3819  -4.1815  -0.9955  0.4070   0.1120   -3.3257  -2.0461  -3.1278  -2.8457  -1.4382  -7.4591  -17.6079 
E -0.7405  0.9913   0.9657   3.2951   -4.8326  2.7545   6.5868   -1.7391  -0.0711  -4.9042  -4.6798  2.1079   -3.2755  -5.5540  -0.6028  0.2328   -0.1620  -4.8205  -3.2453  -3.8874  -1.6192  -1.3488  -8.7636  -17.8539 
G 0.3983   -2.0013  0.4303   -0.4196  -2.2513  -1.6647  -1.7391  9.3873   -1.9274  -5.1547  -4.8449  -1.6560  -3.4892  -4.2786  -1.2666  0.4587   -1.4112  -4.0893  -3.9694  -4.0219  -4.0292  -5.7107  -8.9600  -18.3347 
H -1.8518  1.0783   1.3016   -0.0471  -2.0447  1.3004   -0.0711  -1.9274  12.0856  -3.8954  -3.3178  0.2966   -2.0804  -1.5580  -1.4483  -0.4143  -0.9157  -0.9452  1.8948   -3.2860  -3.4129  -3.5101  -7.5293  -17.8027 
I -1.0807  -4.0571  -4.7995  -6.2947  -0.4183  -3.8366  -4.9042  -5.1547  -3.8954  5.9116   3.2445   -4.1519  2.3273   1.5570   -3.8544  -3.4475  -1.3995  -1.3404  -0.9098  4.0877   -9.5869  -8.4743  -1.2238  -17.8392 
L -1.0787  -3.4952  -4.7378  -5.9776  -0.6443  -3.2413  -4.6798  -4.8449  -3.3178  3.2445   5.4532   -4.0903  3.0831   2.3202   -3.7560  -3.5162  -2.0296  -0.2407  -0.4922  2.0347   -9.3976  -8.0893  -1.8030  -18.1486 
K -1.1906  3.5988   1.3408   0.6816   -4.3216  2.3911   2.1079   -1.6560  0.2966   -4.1519  -4.0903  6.5020   -2.6078  -4.9912  -0.6370  0.1996   -0.0352  -4.0124  -2.6506  -3.6034  -3.0183  -1.7827  -8.1135  -17.7661 
M -0.3923  -2.2728  -2.9890  -4.5746  -0.2408  -1.3819  -3.2755  -3.4892  -2.0804  2.3273   3.0831   -2.6078  7.5671   1.7347   -3.3449  -1.8834  -0.7602  -0.2993  -0.0994  1.3644   -7.8210  -6.4800  -1.1910  -17.5180 
F -1.9465  -4.2488  -4.3161  -6.1261  -0.5298  -4.1815  -5.5540  -4.2786  -1.5580  1.5570   2.3202   -4.9912  1.7347   8.4758   -3.9258  -3.2952  -2.3948  3.4141   4.5442   0.6634   -9.2570  -8.9925  -1.9565  -17.9042 
P -0.6476  -1.2105  -0.9694  -0.2797  -3.9292  -0.9955  -0.6028  -1.2666  -1.4483  -3.8544  -3.7560  -0.6370  -3.3449  -3.9258  11.2529  0.1150   -0.7736  -3.5395  -3.5297  -2.8082  -4.5738  -4.7491  -7.7930  -18.1584 
S 0.9360   -0.3010  1.4436   0.7056   -0.3806  0.4070   0.2328   0.4587   -0.4143  -3.4475  -3.5162  0.1996   -1.8834  -3.2952  0.1150   4.6637   2.1544   -3.4325  -2.3082  -2.4334  -2.9571  -3.7003  -7.4901  -17.7278 
T 0.1030   -0.4529  0.5181   -0.3743  -0.7985  0.1120   -0.1620  -1.4112  -0.9157  -1.3995  -2.0296  -0.0352  -0.7602  -2.3948  -0.7736  2.1544   5.3038   -3.0468  -1.9107  -0.2938  -3.9635  -4.0562  -5.7833  -17.6917 
W -2.6454  -2.3441  -4.2585  -5.4111  -1.9358  -3.3257  -4.8205  -4.0893  -0.9452  -1.3404  -0.2407  -4.0124  -0.2993  3.4141   -3.5395  -3.4325  -3.0468  16.8219  4.2778   -1.7732  -8.8740  -8.2051  -4.6321  -18.0995 
Y -2.2576  -1.9039  -2.0211  -3.8598  -1.0527  -2.0461  -3.2453  -3.9694  1.8948   -0.9098  -0.4922  -2.6506  -0.0994  4.5442   -3.5297  -2.3082  -1.9107  4.2778   10.2300  -1.0647  -6.9758  -6.7591  -4.6465  -17.9347 
V 0.2016   -3.3459  -4.1793  -5.2403  0.4456   -3.1278  -3.8874  -4.0219  -3.2860  4.0877   2.0347   -3.6034  1.3644   0.6634   -2.8082  -2.4334  -0.2938  -1.7732  -1.0647  5.3555   -8.7480  -7.5864  -1.1014  -17.8324 
B -5.5313  -4.0380  -0.8435  -0.3192  -7.9774  -2.8457  -1.6192  -4.0292  -3.4129  -9.5869  -9.3976  -3.0183  -7.8210  -9.2570  -4.5738  -2.9571  -3.9635  -8.8740  -6.9758  -8.7480  0.0017   -6.0558  -13.4684 -21.8648 
Z -4.6767  -2.5512  -2.9487  -1.4371  -8.4096  -1.4382  -1.3488  -5.7107  -3.5101  -8.4743  -8.0893  -1.7827  -6.4800  -8.9925  -4.7491  -3.7003  -4.0562  -8.2051  -6.7591  -7.5864  -6.0558  -1.1877  -12.2318 -21.7599 
J -5.0794  -7.7012  -8.7610  -10.0954 -4.5578  -7.4591  -8.7636  -8.9600  -7.5293  -1.2238  -1.8030  -8.1135  -1.1910  -1.9565  -7.7930  -7.4901  -5.7833  -4.6321  -4.6465  -1.1014  -13.4684 -12.2318 -2.0856  -22.0303 
X -17.8480 -17.8678 -17.7430 -17.9612 -18.0127 -17.6079 -17.8539 -18.3347 -17.8027 -17.8392 -18.1486 -17.7661 -17.5180 -17.9042 -18.1584 -17.7278 -17.6917 -18.0995 -17.9347 -17.8324 -21.8648 -21.7599 -22.0303 -27.1850 