# Decimal PFASUM62 substitution matrix
# Rounded to 4 decimal digits
# Units = 1/3 Bits
# Entropy H = 0.514142 Bits
# Pfam seed version = 29.0
#
# For further information on the PFASUM substitution model, see 
#
#    PFASUM: A substitution matrix from Pfam structural alignments
#    Frank Keul, Martin Hess, Michael Goesele, Kay Hamacher
#    BMC Bioinformatics, 18(1), 2017
#    http://dx.doi.org/10.1186/s12859-017-1703-z
#
#    Project Website:
#    http://www.cbs.tu-darmstadt.de/PFASUM
#
  A        R        N        D        C        Q        E        G        H        I        L        K        M        F        P        S        T        W        Y        V        B        Z        J        X        
A 4.6961   -1.4458  -1.5507  -1.6644  0.3307   -0.7096  -0.7706  0.0455   -1.9551  -1.4505  -1.5617  -1.1884  -0.8626  -2.4145  -0.8004  0.9435   -0.0274  -3.0708  -2.6585  -0.0441  -4.6160  -3.7477  -4.5198  -13.5509 
R -1.4458  7.0231   -0.1536  -1.0896  -3.6360  1.5569   0.2101   -2.4492  0.6571   -3.9814  -3.4386  3.1288   -2.3441  -4.3681  -1.8093  -0.6968  -0.8487  -2.5830  -2.2269  -3.3803  -3.6696  -2.2371  -6.6336  -13.6120 
N -1.5507  -0.1536  7.3170   2.3311   -2.8372  0.7196   0.3755   -0.0639  1.2058   -4.6612  -4.5682  0.7419   -2.9767  -4.3187  -1.4921  1.1273   0.2256   -4.3069  -2.2071  -4.0269  0.2821   -2.4928  -7.6027  -13.4546 
D -1.6644  -1.0896  2.3311   7.4229   -4.9278  0.4872   2.6760   -0.8723  -0.4106  -6.1655  -5.8050  -0.0669  -4.5286  -6.0461  -0.9266  0.2605   -0.7917  -5.4622  -4.0068  -5.1066  0.6592   -1.0179  -8.9362  -13.6688 
C 0.3307   -3.6360  -2.8372  -4.9278  14.0734  -3.7913  -4.9090  -2.5624  -2.2536  -1.1272  -1.3450  -4.3282  -0.9617  -1.1956  -4.2276  -0.4306  -0.9241  -2.4116  -1.5014  -0.1325  -6.9203  -7.4574  -4.2624  -13.7887 
Q -0.7096  1.5569   0.7196   0.4872   -3.7913  6.4717   2.1773   -1.9742  1.1701   -3.7078  -3.0355  1.8988   -1.2231  -4.1690  -1.3655  0.0318   -0.2409  -3.5419  -2.3055  -3.0335  -2.4131  -0.2934  -6.2747  -13.3362 
E -0.7706  0.2101   0.3755   2.6760   -4.9090  2.1773   6.1859   -2.0089  -0.4948  -4.7031  -4.5237  1.3379   -3.2009  -5.4902  -1.0118  -0.1881  -0.5444  -4.8089  -3.4786  -3.6619  -1.1514  -0.1636  -7.5899  -13.5636 
G 0.0455   -2.4492  -0.0639  -0.8723  -2.5624  -1.9742  -2.0089  8.1258   -2.2346  -5.4319  -5.0925  -1.9567  -3.8875  -4.6814  -1.9736  0.0057   -1.9012  -4.5010  -4.4324  -4.3202  -3.5125  -4.9959  -8.2163  -14.0472 
H -1.9551  0.6571   1.2058   -0.4106  -2.2536  1.1701   -0.4948  -2.2346  10.4424  -3.8677  -3.2577  -0.0008  -2.2522  -1.4074  -1.9603  -0.6277  -1.1367  -1.2286  1.7884   -3.3050  -2.6537  -2.7965  -6.4757  -13.5156 
I -1.4505  -3.9814  -4.6612  -6.1655  -1.1272  -3.7078  -4.7031  -5.4319  -3.8677  5.7165   2.5498   -3.9803  1.8599   0.6510   -3.9983  -3.5703  -1.4254  -1.9832  -1.5761  3.6029   -8.4660  -7.3044  -0.3871  -13.5143 
L -1.5617  -3.4386  -4.5682  -5.8050  -1.3450  -3.0355  -4.5237  -5.0925  -3.2577  2.5498   5.1937   -3.8375  2.6446   1.5727   -3.8787  -3.6198  -2.1527  -0.8798  -1.0324  1.3835   -8.2394  -6.9070  -0.6698  -13.8080 
K -1.1884  3.1288   0.7419   -0.0669  -4.3282  1.8988   1.3379   -1.9567  -0.0008  -3.9803  -3.8375  6.2198   -2.4339  -4.9431  -1.0647  -0.1641  -0.3323  -4.1101  -2.9173  -3.3881  -2.7069  -1.4442  -6.8904  -13.4651 
M -0.8626  -2.3441  -2.9767  -4.5286  -0.9617  -1.2231  -3.2009  -3.8875  -2.2522  1.8599   2.6446   -2.4339  8.2071   1.0977   -3.6781  -2.1012  -0.9077  -0.9398  -0.7551  0.8449   -6.8048  -5.3538  -0.6323  -13.2874 
F -2.4145  -4.3681  -4.3187  -6.0461  -1.1956  -4.1690  -5.4902  -4.6814  -1.4074  0.6510   1.5727   -4.9431  1.0977   8.2194   -4.2994  -3.5147  -2.7162  2.6185   4.1093   -0.1227  -8.2317  -7.9489  -1.7491  -13.6592 
P -0.8004  -1.8093  -1.4921  -0.9266  -4.2276  -1.3655  -1.0118  -1.9736  -1.9603  -3.9983  -3.8787  -1.0647  -3.6781  -4.2994  9.7733   -0.2287  -1.1744  -4.0175  -3.9386  -2.9775  -4.1563  -4.1404  -6.9230  -13.9135 
S 0.9435   -0.6968  1.1273   0.2605   -0.4306  0.0318   -0.1881  0.0057   -0.6277  -3.5703  -3.6198  -0.1641  -2.1012  -3.5147  -0.2287  4.9833   2.0062   -3.6828  -2.6267  -2.5121  -2.3523  -3.1047  -6.6013  -13.4171 
T -0.0274  -0.8487  0.2256   -0.7917  -0.9241  -0.2409  -0.5444  -1.9012  -1.1367  -1.4254  -2.1527  -0.3323  -0.9077  -2.7162  -1.1744  2.0062   5.7135   -3.3720  -2.3676  -0.3232  -3.3329  -3.4286  -4.8664  -13.4202 
W -3.0708  -2.5830  -4.3069  -5.4622  -2.4116  -3.5419  -4.8089  -4.5010  -1.2286  -1.9832  -0.8798  -4.1101  -0.9398  2.6185   -4.0175  -3.6828  -3.3720  14.3452  3.3118   -2.3456  -7.9365  -7.2918  -4.2599  -13.8904 
Y -2.6585  -2.2269  -2.2071  -4.0068  -1.5014  -2.3055  -3.4786  -4.4324  1.7884   -1.5761  -1.0324  -2.9173  -0.7551  4.1093   -3.9386  -2.6267  -2.3676  3.3118   9.5808   -1.6973  -6.1545  -6.0029  -4.2276  -13.7019 
V -0.0441  -3.3803  -4.0269  -5.1066  -0.1325  -3.0335  -3.6619  -4.3202  -3.3050  3.6029   1.3835   -3.3881  0.8449   -0.1227  -2.9775  -2.5121  -0.3232  -2.3456  -1.6973  5.2709   -7.6177  -6.4166  -0.6496  -13.5261 
B -4.6160  -3.6696  0.2821   0.6592   -6.9203  -2.4131  -1.1514  -3.5125  -2.6537  -8.4660  -8.2394  -2.7069  -6.8048  -8.2317  -4.1563  -2.3523  -3.3329  -7.9365  -6.1545  -7.6177  1.4902   -4.5805  -11.3227 -16.5776 
Z -3.7477  -2.2371  -2.4928  -1.0179  -7.4574  -0.2934  -0.1636  -4.9959  -2.7965  -7.3044  -6.9070  -1.4442  -5.3538  -7.9489  -4.1404  -3.1047  -3.4286  -7.2918  -6.0029  -6.4166  -4.5805  0.5324   -10.0513 -16.4778 
J -4.5198  -6.6336  -7.6027  -8.9362  -4.2624  -6.2747  -7.5899  -8.2163  -6.4757  -0.3871  -0.6698  -6.8904  -0.6323  -1.7491  -6.9230  -6.6013  -4.8664  -4.2599  -4.2276  -0.6496  -11.3227 -10.0513 -0.3950  -16.6964 
X -13.5509 -13.6120 -13.4546 -13.6688 -13.7887 -13.3362 -13.5636 -14.0472 -13.5156 -13.5143 -13.8080 -13.4651 -13.2874 -13.6592 -13.9135 -13.4171 -13.4202 -13.8904 -13.7019 -13.5261 -16.5776 -16.4778 -16.6964 -20.5751 