# Decimal PFASUM97 substitution matrix
# Rounded to 4 decimal digits
# Units = 1/2 Bits
# Entropy H = 0.731785 Bits
# Pfam seed version = 29.0
#
# For further information on the PFASUM substitution model, see 
#
#    PFASUM: A substitution matrix from Pfam structural alignments
#    Frank Keul, Martin Hess, Michael Goesele, Kay Hamacher
#    BMC Bioinformatics, 18(1), 2017
#    http://dx.doi.org/10.1186/s12859-017-1703-z
#
#    Project Website:
#    http://www.cbs.tu-darmstadt.de/PFASUM
#
  A        R        N        D        C        Q        E        G        H        I        L        K        M        F        P        S        T        W        Y        V        B        Z        J        X        
A 3.7590   -1.4162  -1.3181  -1.4457  0.1180   -0.7374  -0.7227  -0.1445  -1.7089  -1.3758  -1.5032  -1.0636  -0.9503  -2.1411  -0.7922  0.6928   -0.1236  -2.6535  -2.3220  -0.2012  -3.3921  -2.7281  -3.4546  -9.1401  
R -1.4162  5.3436   -0.4183  -1.2795  -2.9031  0.8867   -0.2997  -2.2049  0.2375   -3.2034  -2.7382  2.2031   -1.9901  -3.5481  -1.7826  -0.8603  -0.9729  -2.1566  -1.9827  -2.7887  -2.8909  -1.8069  -4.9045  -9.2089  
N -1.3181  -0.4183  5.7276   1.4821   -2.2309  0.2743   -0.0626  -0.3423  0.8325   -3.6175  -3.5281  0.2414   -2.3854  -3.4080  -1.5132  0.6792   -0.0269  -3.4327  -1.8492  -3.1493  0.6293   -1.9346  -5.5614  -9.0744  
D -1.4457  -1.2795  1.4821   5.5394   -3.8596  0.0486   1.8617   -0.9715  -0.5719  -4.8273  -4.5074  -0.4460  -3.6451  -4.7471  -1.1070  -0.1133  -0.9043  -4.3127  -3.2214  -4.0105  0.8543   -0.6789  -6.6236  -9.2287  
C 0.1180   -2.9031  -2.2309  -3.8596  9.7751   -3.0347  -4.0286  -2.1648  -1.9840  -1.1896  -1.3409  -3.5431  -1.0461  -1.2615  -3.4840  -0.3282  -0.7474  -2.0494  -1.4019  -0.2829  -5.0707  -5.6238  -3.2830  -9.3222  
Q -0.7374  0.8867   0.2743   0.0486   -3.0347  5.2310   1.3999   -1.7939  0.8129   -2.9104  -2.2737  1.1769   -0.9620  -3.2886  -1.2469  -0.2491  -0.4460  -2.8266  -1.9683  -2.4018  -1.8557  0.2109   -4.4970  -8.9866  
E -0.7227  -0.2997  -0.0626  1.8617   -4.0286  1.3999   4.7486   -1.7886  -0.6986  -3.7107  -3.5210  0.6159   -2.6262  -4.3744  -1.0962  -0.4751  -0.7238  -3.8587  -2.8994  -2.8642  -0.7886  0.3243   -5.5909  -9.1610  
G -0.1445  -2.2049  -0.3423  -0.9715  -2.1648  -1.7939  -1.7886  5.8303   -1.9817  -4.3728  -4.0937  -1.7748  -3.2727  -3.8268  -1.9447  -0.2070  -1.7321  -3.6487  -3.7266  -3.4985  -2.6938  -3.7906  -6.1956  -9.5120  
H -1.7089  0.2375   0.8325   -0.5719  -1.9840  0.8129   -0.6986  -1.9817  7.6200   -3.1017  -2.5596  -0.2498  -1.9716  -1.1073  -1.7311  -0.7035  -1.1084  -1.1295  1.2588   -2.7178  -1.9052  -2.0499  -4.7518  -9.1235  
I -1.3758  -3.2034  -3.6175  -4.8273  -1.1896  -2.9104  -3.7107  -4.3728  -3.1017  4.4376   1.6496   -3.1824  1.2185   0.0842   -3.2694  -2.9065  -1.1629  -1.8244  -1.5708  2.5463   -6.2632  -5.3913  -0.0282  -9.0976  
L -1.5032  -2.7382  -3.5281  -4.5074  -1.3409  -2.2737  -3.5210  -4.0937  -2.5596  1.6496   3.9766   -2.9657  1.8261   0.8740   -3.1101  -2.8853  -1.7664  -1.0059  -1.0687  0.7515   -6.0605  -4.9997  -0.1421  -9.3085  
K -1.0636  2.2031   0.2414   -0.4460  -3.5431  1.1769   0.6159   -1.7748  -0.2498  -3.1824  -2.9657  4.8475   -1.9651  -3.9724  -1.1626  -0.4474  -0.5148  -3.2637  -2.5050  -2.6862  -2.1409  -1.1658  -5.0453  -9.0886  
M -0.9503  -1.9901  -2.3854  -3.6451  -1.0461  -0.9620  -2.6262  -3.2727  -1.9716  1.2185   1.8261   -1.9651  6.4270   0.4919   -3.0890  -1.8195  -0.7930  -1.0644  -0.9446  0.4063   -5.0550  -3.9010  -0.3878  -8.9642  
F -2.1411  -3.5481  -3.4080  -4.7471  -1.2615  -3.2886  -4.3744  -3.8268  -1.1073  0.0842   0.8740   -3.9724  0.4919   6.1982   -3.5660  -2.8384  -2.2913  1.7176   2.9266   -0.4860  -6.1152  -5.9280  -1.3984  -9.2347  
P -0.7922  -1.7826  -1.5132  -1.1070  -3.4840  -1.2469  -1.0962  -1.9447  -1.7311  -3.2694  -3.1101  -1.1626  -3.0890  -3.5660  7.0126   -0.3779  -1.1497  -3.4002  -3.2808  -2.4478  -3.2685  -3.1505  -5.1690  -9.4357  
S 0.6928   -0.8603  0.6792   -0.1133  -0.3282  -0.2491  -0.4751  -0.2070  -0.7035  -2.9065  -2.8853  -0.4474  -1.8195  -2.8384  -0.3779  4.1071   1.4030   -2.9846  -2.2513  -2.0668  -1.7580  -2.3903  -4.8932  -9.0361  
T -0.1236  -0.9729  -0.0269  -0.9043  -0.7474  -0.4460  -0.7238  -1.7321  -1.1084  -1.1629  -1.7664  -0.5148  -0.7930  -2.2913  -1.1497  1.4030   4.6220   -2.8099  -2.0987  -0.3069  -2.5077  -2.6190  -3.5244  -9.0496  
W -2.6535  -2.1566  -3.4327  -4.3127  -2.0494  -2.8266  -3.8587  -3.6487  -1.1295  -1.8244  -1.0059  -3.2637  -1.0644  1.7176   -3.4002  -2.9846  -2.8099  10.1693  2.1935   -2.1383  -5.9148  -5.4367  -3.2872  -9.4084  
Y -2.3220  -1.9827  -1.8492  -3.2214  -1.4019  -1.9683  -2.8994  -3.7266  1.2588   -1.5708  -1.0687  -2.5050  -0.9446  2.9266   -3.2808  -2.2513  -2.0987  2.1935   7.0956   -1.6740  -4.5719  -4.5227  -3.2474  -9.2688  
V -0.2012  -2.7887  -3.1493  -4.0105  -0.2829  -2.4018  -2.8642  -3.4985  -2.7178  2.5463   0.7515   -2.6862  0.4063   -0.4860  -2.4478  -2.0668  -0.3069  -2.1383  -1.6740  4.1161   -5.6218  -4.6862  -0.4376  -9.1138  
B -3.3921  -2.8909  0.6293   0.8543   -5.0707  -1.8557  -0.7886  -2.6938  -1.9052  -6.2632  -6.0605  -2.1409  -5.0550  -6.1152  -3.2685  -1.7580  -2.5077  -5.9148  -4.5719  -5.6218  1.6867   -3.1353  -8.1351  -11.1642 
Z -2.7281  -1.8069  -1.9346  -0.6789  -5.6238  0.2109   0.3243   -3.7906  -2.0499  -5.3913  -4.9997  -1.1658  -3.9010  -5.9280  -3.1505  -2.3903  -2.6190  -5.4367  -4.5227  -4.6862  -3.1353  1.0767   -7.1408  -11.0963 
J -3.4546  -4.9045  -5.5614  -6.6236  -3.2830  -4.4970  -5.5909  -6.1956  -4.7518  -0.0282  -0.1421  -5.0453  -0.3878  -1.3984  -5.1690  -4.8932  -3.5244  -3.2872  -3.2474  -0.4376  -8.1351  -7.1408  0.2787   -11.2277 
X -9.1401  -9.2089  -9.0744  -9.2287  -9.3222  -8.9866  -9.1610  -9.5120  -9.1235  -9.0976  -9.3085  -9.0886  -8.9642  -9.2347  -9.4357  -9.0361  -9.0496  -9.4084  -9.2688  -9.1138  -11.1642 -11.0963 -11.2277 -13.8300 