# Decimal PFASUM56 substitution matrix
# Rounded to 4 decimal digits
# Units = 1/3 Bits
# Entropy H = 0.455249 Bits
# Pfam seed version = 29.0
#
# For further information on the PFASUM substitution model, see 
#
#    PFASUM: A substitution matrix from Pfam structural alignments
#    Frank Keul, Martin Hess, Michael Goesele, Kay Hamacher
#    BMC Bioinformatics, 18(1), 2017
#    http://dx.doi.org/10.1186/s12859-017-1703-z
#
#    Project Website:
#    http://www.cbs.tu-darmstadt.de/PFASUM
#
  A        R        N        D        C        Q        E        G        H        I        L        K        M        F        P        S        T        W        Y        V        B        Z        J        X        
A 4.4078   -1.2816  -1.4334  -1.5336  0.3616   -0.6235  -0.7036  0.1140   -1.7984  -1.2818  -1.3701  -1.0977  -0.7108  -2.1817  -0.6975  0.8881   0.0094   -2.8048  -2.4141  0.0179   -4.4906  -3.6733  -4.3369  -13.5071 
R -1.2816  6.6831   -0.0452  -0.8733  -3.4398  1.5902   0.3664   -2.1987  0.7193   -3.7373  -3.2365  3.0417   -2.1591  -4.0815  -1.5691  -0.5487  -0.6979  -2.3700  -2.0126  -3.1555  -3.5009  -2.1324  -6.4171  -13.5548 
N -1.4334  -0.0452  6.8996   2.3231   -2.6804  0.7714   0.4707   0.0497   1.1575   -4.4132  -4.3330  0.8115   -2.7934  -4.0658  -1.2907  1.1382   0.2821   -4.0356  -2.0474  -3.8171  0.0661   -2.4139  -7.3629  -13.4148 
D -1.5336  -0.8733  2.3231   7.1296   -4.6663  0.5771   2.6304   -0.7142  -0.3028  -5.8252  -5.4892  0.0767   -4.2378  -5.6972  -0.7428  0.3500   -0.6521  -5.1144  -3.7410  -4.8257  0.4494   -1.0321  -8.6118  -13.6186 
C 0.3616   -3.4398  -2.6804  -4.6663  13.8393  -3.5892  -4.6209  -2.3761  -2.0712  -0.9627  -1.1736  -4.0899  -0.8135  -1.0283  -3.9478  -0.4282  -0.8810  -2.2190  -1.3542  -0.0600  -6.7069  -7.2039  -4.0935  -13.7363 
Q -0.6235  1.5902   0.7714   0.5771   -3.5892  6.0367   2.1602   -1.7815  1.1317   -3.5044  -2.8987  1.8911   -1.1707  -3.9251  -1.2046  0.1202   -0.1385  -3.3080  -2.1192  -2.8645  -2.3390  -0.4894  -6.1154  -13.3006 
E -0.7036  0.3664   0.4707   2.6304   -4.6209  2.1602   5.8803   -1.8207  -0.3648  -4.4412  -4.2749  1.4145   -2.9896  -5.1575  -0.8482  -0.0721  -0.4198  -4.4991  -3.2124  -3.4683  -1.1627  -0.3764  -7.3363  -13.5160 
G 0.1140   -2.1987  0.0497   -0.7142  -2.3761  -1.7815  -1.8207  7.9045   -2.0240  -5.0740  -4.7643  -1.7752  -3.5829  -4.3510  -1.7085  0.0913   -1.6961  -4.1695  -4.0818  -4.0292  -3.3720  -4.8059  -7.8775  -13.9776 
H -1.7984  0.7193   1.1575   -0.3028  -2.0712  1.1317   -0.3648  -2.0240  10.1029  -3.6286  -3.0687  0.0775   -2.0521  -1.3312  -1.7486  -0.5214  -1.0049  -1.0798  1.7236   -3.0811  -2.6195  -2.7404  -6.2696  -13.4693 
I -1.2818  -3.7373  -4.4132  -5.8252  -0.9627  -3.5044  -4.4412  -5.0740  -3.6286  5.4286   2.5475   -3.7585  1.8521   0.7917   -3.7298  -3.3337  -1.3346  -1.7514  -1.3480  3.5087   -8.1665  -7.0651  -0.4966  -13.4786 
L -1.3701  -3.2365  -4.3330  -5.4892  -1.1736  -2.8987  -4.2749  -4.7643  -3.0687  2.5475   4.9582   -3.6477  2.5928   1.6354   -3.6208  -3.3945  -2.0080  -0.7063  -0.8636  1.4383   -7.9583  -6.7054  -0.8120  -13.7610 
K -1.0977  3.0417   0.8115   0.0767   -4.0899  1.8911   1.4145   -1.7752  0.0775   -3.7585  -3.6477  5.8887   -2.2896  -4.6486  -0.9099  -0.0578  -0.2369  -3.8563  -2.6789  -3.2142  -2.5947  -1.4002  -6.6888  -13.4257 
M -0.7108  -2.1591  -2.7934  -4.2378  -0.8135  -1.1707  -2.9896  -3.5829  -2.0521  1.8521   2.5928   -2.2896  7.6796   1.1768   -3.3776  -1.9267  -0.8220  -0.7655  -0.5776  0.8962   -6.5626  -5.2141  -0.6696  -13.2461 
F -2.1817  -4.0815  -4.0658  -5.6972  -1.0283  -3.9251  -5.1575  -4.3510  -1.3312  0.7917   1.6354   -4.6486  1.1768   7.8510   -3.9628  -3.2797  -2.5066  2.6218   3.9871   0.0389   -7.9257  -7.6525  -1.6612  -13.6030 
P -0.6975  -1.5691  -1.2907  -0.7428  -3.9478  -1.2046  -0.8482  -1.7085  -1.7486  -3.7298  -3.6208  -0.9099  -3.3776  -3.9628  9.4934   -0.1455  -1.0192  -3.6944  -3.6265  -2.7605  -3.9679  -3.9786  -6.6613  -13.8403 
S 0.8881   -0.5487  1.1382   0.3500   -0.4282  0.1202   -0.0721  0.0913   -0.5214  -3.3337  -3.3945  -0.0578  -1.9267  -3.2797  -0.1455  4.6165   1.9363   -3.4146  -2.4074  -2.3460  -2.2963  -2.9989  -6.3716  -13.3831 
T 0.0094   -0.6979  0.2821   -0.6521  -0.8810  -0.1385  -0.4198  -1.6961  -1.0049  -1.3346  -2.0080  -0.2369  -0.8220  -2.5066  -1.0192  1.9363   5.3098   -3.1154  -2.1326  -0.2919  -3.2290  -3.3120  -4.7438  -13.3796 
W -2.8048  -2.3700  -4.0356  -5.1144  -2.2190  -3.3080  -4.4991  -4.1695  -1.0798  -1.7514  -0.7063  -3.8563  -0.7655  2.6218   -3.6944  -3.4146  -3.1154  14.0244  3.3042   -2.1034  -7.6214  -7.0124  -4.0682  -13.8184 
Y -2.4141  -2.0126  -2.0474  -3.7410  -1.3542  -2.1192  -3.2124  -4.0818  1.7236   -1.3480  -0.8636  -2.6789  -0.5776  3.9871   -3.6265  -2.4074  -2.1326  3.3042   9.1966   -1.4690  -5.9371  -5.7687  -4.0385  -13.6412 
V 0.0179   -3.1555  -3.8171  -4.8257  -0.0600  -2.8645  -3.4683  -4.0292  -3.0811  3.5087   1.4383   -3.2142  0.8962   0.0389   -2.7605  -2.3460  -0.2919  -2.1034  -1.4690  4.9879   -7.3668  -6.2315  -0.6679  -13.4878 
B -4.4906  -3.5009  0.0661   0.4494   -6.7069  -2.3390  -1.1627  -3.3720  -2.6195  -8.1665  -7.9583  -2.5947  -6.5626  -7.9257  -3.9679  -2.2963  -3.2290  -7.6214  -5.9371  -7.3668  1.1425   -4.5681  -11.0350 -16.5311 
Z -3.6733  -2.1324  -2.4139  -1.0321  -7.2039  -0.4894  -0.3764  -4.8059  -2.7404  -7.0651  -6.7054  -1.4002  -5.2141  -7.6525  -3.9786  -2.9989  -3.3120  -7.0124  -5.7687  -6.2315  -4.5681  0.1820   -9.8364  -16.4343 
J -4.3369  -6.4171  -7.3629  -8.6118  -4.0935  -6.1154  -7.3363  -7.8775  -6.2696  -0.4966  -0.8120  -6.6888  -0.6696  -1.6612  -6.6613  -6.3716  -4.7438  -4.0682  -4.0385  -0.6679  -11.0350 -9.8364  -0.6463  -16.6537 
X -13.5071 -13.5548 -13.4148 -13.6186 -13.7363 -13.3006 -13.5160 -13.9776 -13.4693 -13.4786 -13.7610 -13.4257 -13.2461 -13.6030 -13.8403 -13.3831 -13.3796 -13.8184 -13.6412 -13.4878 -16.5311 -16.4343 -16.6537 -20.5274 