# Decimal PFASUM40 substitution matrix
# Rounded to 4 decimal digits
# Units = 1/4 Bits
# Entropy H = 0.308291 Bits
# Pfam seed version = 29.0
#
# For further information on the PFASUM substitution model, see 
#
#    PFASUM: A substitution matrix from Pfam structural alignments
#    Frank Keul, Martin Hess, Michael Goesele, Kay Hamacher
#    BMC Bioinformatics, 18(1), 2017
#    http://dx.doi.org/10.1186/s12859-017-1703-z
#
#    Project Website:
#    http://www.cbs.tu-darmstadt.de/PFASUM
#
  A        R        N        D        C        Q        E        G        H        I        L        K        M        F        P        S        T        W        Y        V        B        Z        J        X        
A 4.8039   -1.2611  -1.5338  -1.6397  0.6565   -0.6101  -0.7658  0.3790   -1.9176  -1.1519  -1.1632  -1.2290  -0.4473  -2.0595  -0.6848  0.9725   0.0852   -2.7847  -2.3641  0.1816   -5.5929  -4.7061  -5.1590  -17.8673 
R -1.2611  7.6426   0.2976   -0.4278  -3.7467  2.1378   0.9492   -2.1046  1.0790   -4.1679  -3.5963  3.6669   -2.3314  -4.3835  -1.3123  -0.3327  -0.4914  -2.4443  -1.9754  -3.4485  -4.0977  -2.5699  -7.8056  -17.8891 
N -1.5338  0.2976   7.6562   2.9696   -3.0855  1.1756   0.9281   0.3981   1.3451   -4.9433  -4.8731  1.3116   -3.0905  -4.4404  -1.0569  1.4597   0.5013   -4.4046  -2.0968  -4.3090  -0.7185  -2.9766  -8.8996  -17.7597 
D -1.6397  -0.4278  2.9696   8.3769   -5.0870  1.0936   3.3279   -0.4795  -0.0733  -6.4836  -6.1459  0.6267   -4.6920  -6.3027  -0.3666  0.6835   -0.4233  -5.5800  -3.9989  -5.3954  -0.1998  -1.4227  -10.2712 -17.9838 
C 0.6565   -3.7467  -3.0855  -5.0870  17.1909  -3.9381  -5.0088  -2.3703  -2.1168  -0.5266  -0.7605  -4.4742  -0.3395  -0.6423  -4.0970  -0.4242  -0.8613  -2.0393  -1.1470  0.3794   -8.1211  -8.5783  -4.6710  -18.0542 
Q -0.6101  2.1378   1.1756   1.0936   -3.9381  6.4633   2.7744   -1.7477  1.3273   -3.9358  -3.3191  2.4183   -1.4107  -4.2988  -1.0675  0.3870   0.0840   -3.4612  -2.1276  -3.2104  -2.8702  -1.3418  -7.5444  -17.6216 
E -0.7658  0.9492   0.9281   3.3279   -5.0088  2.7744   6.7391   -1.8169  -0.1047  -5.0255  -4.8078  2.0923   -3.3475  -5.7060  -0.6656  0.2077   -0.1979  -4.9602  -3.3610  -3.9760  -1.6067  -1.2474  -8.8890  -17.8721 
G 0.3790   -2.1046  0.3981   -0.4795  -2.3703  -1.7477  -1.8169  9.5482   -2.0162  -5.3572  -5.0325  -1.7413  -3.6590  -4.4639  -1.3845  0.4266   -1.5200  -4.2751  -4.1492  -4.1989  -4.0773  -5.7905  -9.1530  -18.3724 
H -1.9176  1.0790   1.3451   -0.0733  -2.1168  1.3273   -0.1047  -2.0162  12.2479  -3.9975  -3.4018  0.2888   -2.1456  -1.5589  -1.5554  -0.4270  -0.9477  -1.0010  1.9564   -3.3733  -3.4067  -3.5181  -7.6197  -17.8167 
I -1.1519  -4.1679  -4.9433  -6.4836  -0.5266  -3.9358  -5.0255  -5.3572  -3.9975  6.0689   3.2744   -4.2497  2.3529   1.5129   -3.9972  -3.5665  -1.4466  -1.4551  -1.0119  4.1704   -9.7557  -8.5869  -1.1520  -17.8540 
L -1.1632  -3.5963  -4.8731  -6.1459  -0.7605  -3.3191  -4.8078  -5.0325  -3.4018  3.2744   5.6016   -4.1813  3.1450   2.3186   -3.8884  -3.6390  -2.1073  -0.3218  -0.5583  2.0261   -9.5517  -8.1961  -1.7082  -18.1716 
K -1.2290  3.6669   1.3116   0.6267   -4.4742  2.4183   2.0923   -1.7413  0.2888   -4.2497  -4.1813  6.6541   -2.6463  -5.1247  -0.6967  0.1804   -0.0530  -4.1416  -2.7432  -3.6894  -3.0622  -1.7817  -8.2071  -17.7797 
M -0.4473  -2.3314  -3.0905  -4.6920  -0.3395  -1.4107  -3.3475  -3.6590  -2.1456  2.3529   3.1450   -2.6463  7.9068   1.7280   -3.4929  -1.9640  -0.7929  -0.3850  -0.1662  1.3468   -7.9331  -6.5334  -1.1417  -17.5321 
F -2.0595  -4.3835  -4.4404  -6.3027  -0.6423  -4.2988  -5.7060  -4.4639  -1.5589  1.5129   2.3186   -5.1247  1.7280   8.7451   -4.0895  -3.4290  -2.5006  3.4301   4.6570   0.5986   -9.4096  -9.1302  -1.9727  -17.9295 
P -0.6848  -1.3123  -1.0569  -0.3666  -4.0970  -1.0675  -0.6656  -1.3845  -1.5554  -3.9972  -3.8884  -0.6967  -3.4929  -4.0895  11.4568  0.0826   -0.8410  -3.6859  -3.6840  -2.9157  -4.6598  -4.8150  -7.9292  -18.1951 
S 0.9725   -0.3327  1.4597   0.6835   -0.4242  0.3870   0.2077   0.4266   -0.4270  -3.5665  -3.6390  0.1804   -1.9640  -3.4290  0.0826   4.8265   2.2181   -3.5558  -2.4031  -2.5168  -2.9624  -3.7235  -7.6115  -17.7390 
T 0.0852   -0.4914  0.5013   -0.4233  -0.8613  0.0840   -0.1979  -1.5200  -0.9477  -1.4466  -2.1073  -0.0530  -0.7929  -2.5006  -0.8410  2.2181   5.5225   -3.1710  -2.0100  -0.3083  -3.9986  -4.0892  -5.8487  -17.7076 
W -2.7847  -2.4443  -4.4046  -5.5800  -2.0393  -3.4612  -4.9602  -4.2751  -1.0010  -1.4551  -0.3218  -4.1416  -0.3850  3.4301   -3.6859  -3.5558  -3.1710  17.1129  4.3162   -1.9044  -9.0338  -8.3440  -4.7243  -18.1398 
Y -2.3641  -1.9754  -2.0968  -3.9989  -1.1470  -2.1276  -3.3610  -4.1492  1.9564   -1.0119  -0.5583  -2.7432  -0.1662  4.6570   -3.6840  -2.4031  -2.0100  4.3162   10.5063  -1.1719  -7.0851  -6.8609  -4.7255  -17.9634 
V 0.1816   -3.4485  -4.3090  -5.3954  0.3794   -3.2104  -3.9760  -4.1989  -3.3733  4.1704   2.0261   -3.6894  1.3468   0.5986   -2.9157  -2.5168  -0.3083  -1.9044  -1.1719  5.5221   -8.8926  -7.6730  -1.0678  -17.8513 
B -5.5929  -4.0977  -0.7185  -0.1998  -8.1211  -2.8702  -1.6067  -4.0773  -3.4067  -9.7557  -9.5517  -3.0622  -7.9331  -9.4096  -4.6598  -2.9624  -3.9986  -9.0338  -7.0851  -8.8926  0.1970   -6.0548  -13.6280 -21.8851 
Z -4.7061  -2.5699  -2.9766  -1.4227  -8.5783  -1.3418  -1.2474  -5.7905  -3.5181  -8.5869  -8.1961  -1.7817  -6.5334  -9.1302  -4.8150  -3.7235  -4.0892  -8.3440  -6.8609  -7.6730  -6.0548  -1.0113  -12.3406 -21.7764 
J -5.1590  -7.8056  -8.8996  -10.2712 -4.6710  -7.5444  -8.8890  -9.1530  -7.6197  -1.1520  -1.7082  -8.2071  -1.1417  -1.9727  -7.9292  -7.6115  -5.8487  -4.7243  -4.7255  -1.0678  -13.6280 -12.3406 -1.9339  -22.0502 
X -17.8673 -17.8891 -17.7597 -17.9838 -18.0542 -17.6216 -17.8721 -18.3724 -17.8167 -17.8540 -18.1716 -17.7797 -17.5321 -17.9295 -18.1951 -17.7390 -17.7076 -18.1398 -17.9634 -17.8513 -21.8851 -21.7764 -22.0502 -27.2060 