# Decimal PFASUM57 substitution matrix
# Rounded to 4 decimal digits
# Units = 1/3 Bits
# Entropy H = 0.465358 Bits
# Pfam seed version = 29.0
#
# For further information on the PFASUM substitution model, see 
#
#    PFASUM: A substitution matrix from Pfam structural alignments
#    Frank Keul, Martin Hess, Michael Goesele, Kay Hamacher
#    BMC Bioinformatics, 18(1), 2017
#    http://dx.doi.org/10.1186/s12859-017-1703-z
#
#    Project Website:
#    http://www.cbs.tu-darmstadt.de/PFASUM
#
  A        R        N        D        C        Q        E        G        H        I        L        K        M        F        P        S        T        W        Y        V        B        Z        J        X        
A 4.4567   -1.3065  -1.4521  -1.5547  0.3562   -0.6379  -0.7128  0.1013   -1.8240  -1.3094  -1.4034  -1.1103  -0.7364  -2.2226  -0.7153  0.8986   0.0050   -2.8507  -2.4578  0.0081   -4.5107  -3.6845  -4.3680  -13.5144 
R -1.3065  6.7420   -0.0635  -0.9101  -3.4662  1.5849   0.3416   -2.2412  0.7091   -3.7802  -3.2715  3.0579   -2.1895  -4.1312  -1.6098  -0.5725  -0.7225  -2.4088  -2.0506  -3.1927  -3.5296  -2.1490  -6.4547  -13.5644 
N -1.4521  -0.0635  6.9740   2.3239   -2.7068  0.7632   0.4548   0.0295   1.1663   -4.4569  -4.3742  0.8008   -2.8257  -4.1107  -1.3270  1.1379   0.2736   -4.0832  -2.0756  -3.8540  0.1038   -2.4268  -7.4049  -13.4216 
D -1.5547  -0.9101  2.3239   7.1816   -4.7123  0.5621   2.6384   -0.7405  -0.3194  -5.8856  -5.5467  0.0516   -4.2890  -5.7608  -0.7731  0.3357   -0.6751  -5.1753  -3.7887  -4.8756  0.4861   -1.0295  -8.6703  -13.6274 
C 0.3562   -3.4662  -2.7068  -4.7123  13.8809  -3.6246  -4.6733  -2.4047  -2.1022  -0.9869  -1.2036  -4.1293  -0.8353  -1.0544  -3.9984  -0.4246  -0.8874  -2.2508  -1.3756  -0.0738  -6.7440  -7.2493  -4.1213  -13.7450 
Q -0.6379  1.5849   0.7632   0.5621   -3.6246  6.1134   2.1645   -1.8163  1.1406   -3.5395  -2.9249  1.8953   -1.1792  -3.9686  -1.2343  0.1063   -0.1549  -3.3533  -2.1523  -2.8958  -2.3512  -0.4545  -6.1445  -13.3067 
E -0.7128  0.3416   0.4548   2.6384   -4.6733  2.1645   5.9342   -1.8524  -0.3849  -4.4874  -4.3195  1.4018   -3.0265  -5.2175  -0.8771  -0.0902  -0.4408  -4.5570  -3.2603  -3.5031  -1.1604  -0.3389  -7.3815  -13.5241 
G 0.1013   -2.2412  0.0295   -0.7405  -2.4047  -1.8163  -1.8524  7.9450   -2.0613  -5.1370  -4.8221  -1.8052  -3.6367  -4.4116  -1.7541  0.0767   -1.7319  -4.2292  -4.1417  -4.0811  -3.3961  -4.8388  -7.9371  -13.9899 
H -1.8240  0.7091   1.1663   -0.3194  -2.1022  1.1406   -0.3849  -2.0613  10.1627  -3.6706  -3.1025  0.0655   -2.0877  -1.3482  -1.7895  -0.5406  -1.0269  -1.1068  1.7359   -3.1185  -2.6243  -2.7477  -6.3062  -13.4772 
I -1.3094  -3.7802  -4.4569  -5.8856  -0.9869  -3.5395  -4.4874  -5.1370  -3.6706  5.4798   2.5486   -3.7979  1.8552   0.7675   -3.7769  -3.3762  -1.3509  -1.7922  -1.3878  3.5272   -8.2195  -7.1069  -0.4770  -13.4846 
L -1.4034  -3.2715  -4.3742  -5.5467  -1.2036  -2.9249  -4.3195  -4.8221  -3.1025  2.5486   5.0005   -3.6814  2.6026   1.6258   -3.6675  -3.4349  -2.0326  -0.7380  -0.8954  1.4291   -8.0087  -6.7422  -0.7864  -13.7695 
K -1.1103  3.0579   0.8008   0.0516   -4.1293  1.8953   1.4018   -1.8052  0.0655   -3.7979  -3.6814  5.9465   -2.3144  -4.6999  -0.9354  -0.0742  -0.2517  -3.9046  -2.7228  -3.2440  -2.6137  -1.4063  -6.7246  -13.4321 
M -0.7364  -2.1895  -2.8257  -4.2890  -0.8353  -1.1792  -3.0265  -3.6367  -2.0877  1.8552   2.6026   -2.3144  7.7740   1.1647   -3.4295  -1.9559  -0.8359  -0.7977  -0.6095  0.8887   -6.6053  -5.2381  -0.6619  -13.2530 
F -2.2226  -4.1312  -4.1107  -5.7608  -1.0544  -3.9686  -5.2175  -4.4116  -1.3482  0.7675   1.6258   -4.6999  1.1647   7.9181   -4.0224  -3.3220  -2.5436  2.6200   4.0084   0.0118   -7.9810  -7.7056  -1.6754  -13.6129 
P -0.7153  -1.6098  -1.3270  -0.7731  -3.9984  -1.2343  -0.8771  -1.7541  -1.7895  -3.7769  -3.6675  -0.9354  -3.4295  -4.0224  9.5451   -0.1598  -1.0461  -3.7514  -3.6824  -2.7990  -4.0001  -4.0077  -6.7081  -13.8533 
S 0.8986   -0.5725  1.1379   0.3357   -0.4246  0.1063   -0.0902  0.0767   -0.5406  -3.3762  -3.4349  -0.0742  -1.9559  -3.3220  -0.1598  4.6802   1.9497   -3.4631  -2.4471  -2.3756  -2.3047  -3.0154  -6.4129  -13.3888 
T 0.0050   -0.7225  0.2736   -0.6751  -0.8874  -0.1549  -0.4408  -1.7319  -1.0269  -1.3509  -2.0326  -0.2517  -0.8359  -2.5436  -1.0461  1.9497   5.3806   -3.1582  -2.1737  -0.2974  -3.2459  -3.3313  -4.7651  -13.3863 
W -2.8507  -2.4088  -4.0832  -5.1753  -2.2508  -3.3533  -4.5570  -4.2292  -1.1068  -1.7922  -0.7380  -3.9046  -0.7977  2.6200   -3.7514  -3.4631  -3.1582  14.0839  3.3041   -2.1460  -7.6767  -7.0651  -4.1027  -13.8315 
Y -2.4578  -2.0506  -2.0756  -3.7887  -1.3756  -2.1523  -3.2603  -4.1417  1.7359   -1.3878  -0.8954  -2.7228  -0.6095  4.0084   -3.6824  -2.4471  -2.1737  3.3041   9.2683   -1.5099  -5.9760  -5.8106  -4.0729  -13.6523 
V 0.0081   -3.1927  -3.8540  -4.8756  -0.0738  -2.8958  -3.5031  -4.0811  -3.1185  3.5272   1.4291   -3.2440  0.8887   0.0118   -2.7990  -2.3756  -0.2974  -2.1460  -1.5099  5.0386   -7.4112  -6.2651  -0.6639  -13.4944 
B -4.5107  -3.5296  0.1038   0.4861   -6.7440  -2.3512  -1.1604  -3.3961  -2.6243  -8.2195  -8.0087  -2.6137  -6.6053  -7.9810  -4.0001  -2.3047  -3.2459  -7.6767  -5.9760  -7.4112  1.2046   -4.5699  -11.0863 -16.5391 
Z -3.6845  -2.1490  -2.4268  -1.0295  -7.2493  -0.4545  -0.3389  -4.8388  -2.7477  -7.1069  -6.7422  -1.4063  -5.2381  -7.7056  -4.0077  -3.0154  -3.3313  -7.0651  -5.8106  -6.2651  -4.5699  0.2435   -9.8749  -16.4416 
J -4.3680  -6.4547  -7.4049  -8.6703  -4.1213  -6.1445  -7.3815  -7.9371  -6.3062  -0.4770  -0.7864  -6.7246  -0.6619  -1.6754  -6.7081  -6.4129  -4.7651  -4.1027  -4.0729  -0.6639  -11.0863 -9.8749  -0.6008  -16.6613 
X -13.5144 -13.5644 -13.4216 -13.6274 -13.7450 -13.3067 -13.5241 -13.9899 -13.4772 -13.4846 -13.7695 -13.4321 -13.2530 -13.6129 -13.8533 -13.3888 -13.3863 -13.8315 -13.6523 -13.4944 -16.5391 -16.4416 -16.6613 -20.5357 