# Decimal PFASUM44 substitution matrix
# Rounded to 4 decimal digits
# Units = 1/3 Bits
# Entropy H = 0.344088 Bits
# Pfam seed version = 29.0
#
# For further information on the PFASUM substitution model, see 
#
#    PFASUM: A substitution matrix from Pfam structural alignments
#    Frank Keul, Martin Hess, Michael Goesele, Kay Hamacher
#    BMC Bioinformatics, 18(1), 2017
#    http://dx.doi.org/10.1186/s12859-017-1703-z
#
#    Project Website:
#    http://www.cbs.tu-darmstadt.de/PFASUM
#
  A        R        N        D        C        Q        E        G        H        I        L        K        M        F        P        S        T        W        Y        V        B        Z        J        X        
A 3.8214   -1.0225  -1.2216  -1.3026  0.4496   -0.4910  -0.6025  0.2441   -1.5230  -0.9686  -0.9964  -0.9611  -0.4251  -1.7128  -0.5452  0.7670   0.0547   -2.2718  -1.9357  0.1144   -4.2671  -3.5598  -3.9859  -13.4263 
R -1.0225  5.9750   0.1583   -0.4570  -2.9976  1.6103   0.6349   -1.7238  0.7970   -3.2723  -2.8331  2.8233   -1.8314  -3.4843  -1.1281  -0.3041  -0.4327  -1.9717  -1.5998  -2.7227  -3.1779  -1.9688  -5.9933  -13.4483 
N -1.2216  0.1583   6.0329   2.2686   -2.4407  0.8536   0.6450   0.2490   1.0477   -3.8942  -3.8468  0.9403   -2.4426  -3.5282  -0.9132  1.1133   0.3549   -3.5139  -1.7054  -3.3863  -0.3815  -2.2746  -6.8646  -13.3425 
D -1.3026  -0.4570  2.2686   6.4958   -4.0611  0.7595   2.5279   -0.4344  -0.1159  -5.1127  -4.8431  0.3711   -3.6903  -4.9823  -0.3924  0.4816   -0.3921  -4.4377  -3.1959  -4.2522  0.0029   -1.0612  -7.9427  -13.5198 
C 0.4496   -2.9976  -2.4407  -4.0611  13.2307  -3.1538  -4.0152  -1.9647  -1.7349  -0.5707  -0.7552  -3.5641  -0.4169  -0.6451  -3.3172  -0.3734  -0.7474  -1.7167  -1.0031  0.1690   -6.2793  -6.6679  -3.6848  -13.6041 
Q -0.4910  1.6103   0.8536   0.7595   -3.1538  5.1439   2.1012   -1.4167  1.0337   -3.0978  -2.6053  1.8377   -1.0853  -3.4011  -0.9027  0.2634   0.0231   -2.8036  -1.7287  -2.5238  -2.1992  -0.8825  -5.7843  -13.2361 
E -0.6025  0.6349   0.6450   2.5279   -4.0152  2.1012   5.2537   -1.4701  -0.1420  -3.9305  -3.7788  1.5365   -2.6208  -4.4961  -0.5769  0.1109   -0.2073  -3.9263  -2.6910  -3.0950  -1.1948  -0.8035  -6.8353  -13.4297 
G 0.2441   -1.7238  0.2490   -0.4344  -1.9647  -1.4167  -1.4701  7.3710   -1.6254  -4.3061  -4.0462  -1.4156  -2.9615  -3.6215  -1.1914  0.2661   -1.2821  -3.4672  -3.3721  -3.3885  -3.1231  -4.4497  -7.1423  -13.8304 
H -1.5230  0.7970   1.0477   -0.1159  -1.7349  1.0337   -0.1420  -1.6254  9.4125   -3.1468  -2.6773  0.1912   -1.7096  -1.1956  -1.3230  -0.3531  -0.7754  -0.8395  1.5411   -2.6619  -2.5698  -2.6577  -5.8482  -13.3861 
I -0.9686  -3.2723  -3.8942  -5.1127  -0.5707  -3.0978  -3.9305  -4.3061  -3.1468  4.7941   2.4984   -3.3260  1.8005   1.0602   -3.1849  -2.8520  -1.1571  -1.2739  -0.9001  3.2449   -7.5390  -6.5955  -0.7536  -13.4121 
L -0.9964  -2.8331  -3.8468  -4.8431  -0.7552  -2.6053  -3.7788  -4.0462  -2.6773  2.4984   4.4194   -3.2666  2.4389   1.7313   -3.1038  -2.9099  -1.6988  -0.3648  -0.5265  1.5136   -7.3804  -6.2955  -1.1421  -13.6629 
K -0.9611  2.8233   0.9403   0.3711   -3.5641  1.8377   1.5365   -1.4156  0.1912   -3.3260  -3.2666  5.2053   -2.0467  -4.0467  -0.6143  0.1044   -0.0736  -3.3160  -2.2085  -2.8768  -2.3715  -1.3467  -6.2889  -13.3557 
M -0.4251  -1.8314  -2.4426  -3.6903  -0.4169  -1.0853  -2.6208  -2.9615  -1.7096  1.8005   2.4389   -2.0467  6.4167   1.2813   -2.8041  -1.5837  -0.6512  -0.4133  -0.2356  0.9907   -6.1017  -4.9726  -0.7906  -13.1708 
F -1.7128  -3.4843  -3.5282  -4.9823  -0.6451  -3.4011  -4.4961  -3.6215  -1.1956  1.0602   1.7313   -4.0467  1.2813   6.9404   -3.2898  -2.7671  -2.0471  2.6012   3.6422   0.3481   -7.2878  -7.0475  -1.5094  -13.4869 
P -0.5452  -1.1281  -0.9132  -0.3924  -3.3172  -0.9027  -0.5769  -1.1914  -1.3230  -3.1849  -3.1038  -0.6143  -2.8041  -3.2898  8.8459   0.0152   -0.7190  -3.0285  -2.9805  -2.3257  -3.6118  -3.6976  -6.1341  -13.6943 
S 0.7670   -0.3041  1.1133   0.4816   -0.3734  0.2634   0.1109   0.2661   -0.3531  -2.8520  -2.9099  0.1044   -1.5837  -2.7671  0.0152   3.8619   1.7457   -2.8763  -1.9620  -2.0080  -2.2317  -2.8306  -5.8880  -13.3223 
T 0.0547   -0.4327  0.3549   -0.3921  -0.7474  0.0231   -0.2073  -1.2821  -0.7754  -1.1571  -1.6988  -0.0736  -0.6512  -2.0471  -0.7190  1.7457   4.4418   -2.5890  -1.6673  -0.2474  -3.0505  -3.1184  -4.4867  -13.3045 
W -2.2718  -1.9717  -3.5139  -4.4377  -1.7167  -2.8036  -3.9263  -3.4672  -0.8395  -1.2739  -0.3648  -3.3160  -0.4133  2.6012   -3.0285  -2.8763  -2.5890  13.2135  3.2627   -1.6173  -7.0105  -6.4654  -3.6852  -13.6656 
Y -1.9357  -1.5998  -1.7054  -3.1959  -1.0031  -1.7287  -2.6910  -3.3721  1.5411   -0.9001  -0.5265  -2.2085  -0.2356  3.6422   -2.9805  -1.9620  -1.6673  3.2627   8.2638   -1.0269  -5.4824  -5.3003  -3.6635  -13.5166 
V 0.1144   -2.7227  -3.3863  -4.2522  0.1690   -2.5238  -3.0950  -3.3885  -2.6619  3.2449   1.5136   -2.8768  0.9907   0.3481   -2.3257  -2.0080  -0.2474  -1.6173  -1.0269  4.3725   -6.8532  -5.8693  -0.7508  -13.4136 
B -4.2671  -3.1779  -0.3815  0.0029   -6.2793  -2.1992  -1.1948  -3.1231  -2.5698  -7.5390  -7.3804  -2.3715  -6.1017  -7.2878  -3.6118  -2.2317  -3.0505  -7.0105  -5.4824  -6.8532  0.3989   -4.5490  -10.4394 -16.4422 
Z -3.5598  -1.9688  -2.2746  -1.0612  -6.6679  -0.8825  -0.8035  -4.4497  -2.6577  -6.5955  -6.2955  -1.3467  -4.9726  -7.0475  -3.6976  -2.8306  -3.1184  -6.4654  -5.3003  -5.8693  -4.5490  -0.5311  -9.4060  -16.3557 
J -3.9859  -5.9933  -6.8646  -7.9427  -3.6848  -5.7843  -6.8353  -7.1423  -5.8482  -0.7536  -1.1421  -6.2889  -0.7906  -1.5094  -6.1341  -5.8880  -4.4867  -3.6852  -3.6635  -0.7508  -10.4394 -9.4060  -1.2214  -16.5672 
X -13.4263 -13.4483 -13.3425 -13.5198 -13.6041 -13.2361 -13.4297 -13.8304 -13.3861 -13.4121 -13.6629 -13.3557 -13.1708 -13.4869 -13.6943 -13.3223 -13.3045 -13.6656 -13.5166 -13.4136 -16.4422 -16.3557 -16.5672 -20.4348 