# Decimal PFASUM14 substitution matrix
# Rounded to 4 decimal digits
# Units = 1/7 Bits
# Entropy H = 0.080315 Bits
# Pfam seed version = 29.0
#
# For further information on the PFASUM substitution model, see 
#
#    PFASUM: A substitution matrix from Pfam structural alignments
#    Frank Keul, Martin Hess, Michael Goesele, Kay Hamacher
#    BMC Bioinformatics, 18(1), 2017
#    http://dx.doi.org/10.1186/s12859-017-1703-z
#
#    Project Website:
#    http://www.cbs.tu-darmstadt.de/PFASUM
#
  A        R        N        D        C        Q        E        G        H        I        L        K        M        F        P        S        T        W        Y        V        B        Z        J        X        
A 3.1516   -0.7835  -0.9444  -1.0795  -0.1573  -0.5293  0.1245   0.5743   -1.0408  0.3991   -0.3474  -0.9385  -1.4338  -2.3456  -0.1060  0.9952   0.9163   -2.1196  -1.7576  0.7692   -8.0175  -7.1072  -7.0631  -30.7110 
R -0.7835  6.5664   1.1143   0.3311   -3.1802  2.2132   1.5517   -1.5166  -1.2335  -4.0469  -3.6486  4.9878   -2.5264  -4.4174  -0.2024  -0.2732  1.3345   -1.6942  -4.3026  -2.6314  -6.3032  -5.2039  -10.7950 -30.7451 
N -0.9444  1.1143   5.9595   2.9515   -3.4428  2.4499   1.1695   1.0399   3.7545   -4.7315  -3.6422  0.9099   0.5666   -3.9747  -0.8426  1.4952   0.0022   -5.9110  -2.0175  -4.3577  -5.6812  -5.3483  -11.0341 -30.6852 
D -1.0795  0.3311   2.9515   9.0250   -1.8266  0.1808   3.0389   0.5259   0.8000   -4.5032  -4.9488  1.2145   -6.1302  -5.6505  -1.0605  0.7394   0.3332   -5.6874  -5.6359  -2.7966  -4.5408  -4.9045  -11.7806 -30.9572 
C -0.1573  -3.1802  -3.4428  -1.8266  14.1902  -0.1656  -0.4759  0.4073   -2.0818  0.9203   0.4456   -4.2329  3.6205   1.8043   -2.9668  -0.7745  -0.4807  -0.3090  -2.2096  2.4251   -9.5336  -7.3625  -6.3751  -30.5609 
Q -0.5293  2.2132   2.4499   0.1808   -0.1656  5.7373   2.4100   0.3395   -0.5303  -3.5135  -4.0477  1.9420   -3.0660  -2.7259  -1.0918  0.3354   1.8789   0.6223   -4.0314  -2.3534  -5.7183  -5.7704  -10.8455 -30.5912 
E 0.1245   1.5517   1.1695   3.0389   -0.4759  2.4100   5.6003   0.2007   -0.0341  -4.2309  -3.0977  2.5267   -3.3003  -6.1302  0.5103   0.0208   -0.6056  -2.1300  -3.7920  -4.3841  -4.7731  -6.8504  -10.5048 -30.8485 
G 0.5743   -1.5166  1.0399   0.5259   0.4073   0.3395   0.2007   9.4564   1.1584   -3.4242  -3.3227  -0.3299  -2.4967  -3.6145  -0.4770  2.2566   -1.9439  -2.5378  -5.2262  -3.0180  -6.2359  -6.7488  -10.3604 -30.9536 
H -1.0408  -1.2335  3.7545   0.8000   -2.0818  -0.5303  -0.0341  1.1584   9.4218   -4.3275  -3.7852  0.4552   -0.9228  -0.6861  0.1452   0.1043   0.6099   3.3164   2.1130   -1.7668  -4.7414  -7.2109  -10.9837 -30.5366 
I 0.3991   -4.0469  -4.7315  -4.5032  0.9203   -3.5135  -4.2309  -3.4242  -4.3275  5.6940   4.4564   -3.0616  2.2581   3.0308   -4.7593  -3.5413  -0.9591  -1.7134  0.6629   5.2210   -11.6069 -10.9654 -4.3267  -30.8185 
L -0.3474  -3.6486  -3.6422  -4.9488  0.4456   -4.0477  -3.0977  -3.3227  -3.7852  4.4564   5.2556   -4.4540  2.2162   4.5769   -3.0515  -2.7534  -2.3613  1.3560   1.3099   3.3786   -11.3304 -10.4312 -5.9744  -31.1822 
K -0.9385  4.9878   0.9099   1.2145   -4.2329  1.9420   2.5267   -0.3299  0.4552   -3.0616  -4.4540  5.0026   -1.4929  -3.6703  -0.6707  0.8008   -0.9661  -2.5336  -1.4268  -4.5488  -5.9237  -4.6810  -10.9131 -30.8271 
M -1.4338  -2.5264  0.5666   -6.1302  3.6205   -3.0660  -3.3003  -2.4967  -0.9228  2.2581   2.2162   -1.4929  10.2691  0.6473   -3.3626  -2.3081  -0.1756  4.0208   2.6883   1.8931   -9.5170  -10.2149 -4.7682  -30.6010 
F -2.3456  -4.4174  -3.9747  -5.6505  1.8043   -2.7259  -6.1302  -3.6145  -0.6861  3.0308   4.5769   -3.6703  0.6473   9.0495   -3.5891  -4.3013  -1.9845  4.6869   5.7765   1.2772   -11.8497 -11.7624 -2.9713  -30.8673 
P -0.1060  -0.2024  -0.8426  -1.0605  -2.9668  -1.0918  0.5103   -0.4770  0.1452   -4.7593  -3.0515  -0.6707  -3.3626  -3.5891  13.4137  0.1060   -0.5899  -4.8256  -0.4628  -3.4400  -7.9603  -7.0405  -10.6540 -31.1058 
S 0.9952   -0.2732  1.4952   0.7394   -0.7745  0.3354   0.0208   2.2566   0.1043   -3.5413  -2.7534  0.8008   -2.3081  -4.3013  0.1060   4.0438   2.2243   -4.9628  -1.8731  -2.9586  -5.9080  -6.8642  -10.0395 -30.8889 
T 0.9163   1.3345   0.0022   0.3332   -0.4807  1.8789   -0.6056  -1.9439  0.6099   -0.9591  -2.3613  -0.9661  -0.1756  -1.9845  -0.5899  2.2243   2.7315   -3.1198  0.4626   -0.1722  -6.8168  -6.6346  -8.8164  -30.6268 
W -2.1196  -1.6942  -5.9110  -5.6874  -0.3090  0.6223   -2.1300  -2.5378  3.3164   -1.7134  1.3560   -2.5336  4.0208   4.6869   -4.8256  -4.9628  -3.1198  21.6337  6.2589   -2.1515  -12.7890 -8.0456  -6.6807  -30.7963 
Y -1.7576  -4.3026  -2.0175  -5.6359  -2.2096  -4.0314  -3.7920  -5.2262  2.1130   0.6629   1.3099   -1.4268  2.6883   5.7765   -0.4628  -1.8731  0.4626   6.2589   10.6116  -0.5695  -10.8200 -10.8779 -5.9262  -30.7539 
V 0.7692   -2.6314  -4.3577  -2.7966  2.4251   -2.3534  -4.3841  -3.0180  -1.7668  5.2210   3.3786   -4.5488  1.8931   1.2772   -3.4400  -2.9586  -0.1722  -2.1515  -0.5695  5.9172   -10.4806 -10.6014 -2.8957  -30.8099 
B -8.0175  -6.3032  -5.6812  -4.5408  -9.5336  -5.7183  -4.7731  -6.2359  -4.7414  -11.6069 -11.3304 -5.9237  -9.5170  -11.8497 -7.9603  -5.9080  -6.8168  -12.7890 -10.8200 -10.4806 -6.0629  -12.1050 -18.4325 -37.8319 
Z -7.1072  -5.2039  -5.3483  -4.9045  -7.3625  -5.7704  -6.8504  -6.7488  -7.2109  -10.9654 -10.4312 -4.6810  -10.2149 -11.7624 -7.0405  -6.8642  -6.6346  -8.0456  -10.8779 -10.6014 -12.1050 -7.6230  -17.6268 -37.7547 
J -7.0631  -10.7950 -11.0341 -11.7806 -6.3751  -10.8455 -10.5048 -10.3604 -10.9837 -4.3267  -5.9744  -10.9131 -4.7682  -2.9713  -10.6540 -10.0395 -8.8164  -6.6807  -5.9262  -2.8957  -18.4325 -17.6268 -7.9898  -38.0453 
X -30.7110 -30.7451 -30.6852 -30.9572 -30.5609 -30.5912 -30.8485 -30.9536 -30.5366 -30.8185 -31.1822 -30.8271 -30.6010 -30.8673 -31.1058 -30.8889 -30.6268 -30.7963 -30.7539 -30.8099 -37.8319 -37.7547 -38.0453 -47.0921 