# Decimal PFASUM58 substitution matrix
# Rounded to 4 decimal digits
# Units = 1/3 Bits
# Entropy H = 0.475032 Bits
# Pfam seed version = 29.0
#
# For further information on the PFASUM substitution model, see 
#
#    PFASUM: A substitution matrix from Pfam structural alignments
#    Frank Keul, Martin Hess, Michael Goesele, Kay Hamacher
#    BMC Bioinformatics, 18(1), 2017
#    http://dx.doi.org/10.1186/s12859-017-1703-z
#
#    Project Website:
#    http://www.cbs.tu-darmstadt.de/PFASUM
#
  A        R        N        D        C        Q        E        G        H        I        L        K        M        F        P        S        T        W        Y        V        B        Z        J        X        
A 4.5042   -1.3339  -1.4708  -1.5775  0.3505   -0.6525  -0.7245  0.0910   -1.8499  -1.3370  -1.4355  -1.1257  -0.7605  -2.2612  -0.7314  0.9090   -0.0000  -2.8931  -2.4970  -0.0009  -4.5318  -3.6973  -4.3984  -13.5215 
R -1.3339  6.7996   -0.0814  -0.9458  -3.5023  1.5790   0.3158   -2.2837  0.6980   -3.8205  -3.3059  3.0731   -2.2194  -4.1801  -1.6475  -0.5964  -0.7478  -2.4425  -2.0859  -3.2299  -3.5575  -2.1664  -6.4911  -13.5740 
N -1.4708  -0.0814  7.0420   2.3262   -2.7364  0.7550   0.4414   0.0130   1.1742   -4.4984  -4.4129  0.7903   -2.8543  -4.1516  -1.3564  1.1377   0.2657   -4.1246  -2.1022  -3.8880  0.1390   -2.4383  -7.4446  -13.4277 
D -1.5775  -0.9458  2.3262   7.2317   -4.7525  0.5467   2.6469   -0.7663  -0.3391  -5.9423  -5.5989  0.0271   -4.3354  -5.8180  -0.8031  0.3214   -0.6977  -5.2281  -3.8328  -4.9221  0.5221   -1.0269  -8.7240  -13.6357 
C 0.3505   -3.5023  -2.7364  -4.7525  13.9219  -3.6610  -4.7200  -2.4386  -2.1295  -1.0176  -1.2352  -4.1689  -0.8599  -1.0825  -4.0425  -0.4250  -0.8932  -2.2827  -1.3994  -0.0890  -6.7800  -7.2920  -4.1526  -13.7542 
Q -0.6525  1.5790   0.7550   0.5467   -3.6610  6.1884   2.1667   -1.8492  1.1466   -3.5744  -2.9489  1.8966   -1.1860  -4.0107  -1.2610  0.0920   -0.1712  -3.3942  -2.1847  -2.9244  -2.3636  -0.4214  -6.1722  -13.3128 
E -0.7245  0.3158   0.4414   2.6469   -4.7200  2.1667   5.9860   -1.8849  -0.4053  -4.5312  -4.3620  1.3893   -3.0629  -5.2726  -0.9023  -0.1089  -0.4609  -4.6086  -3.3043  -3.5359  -1.1570  -0.3034  -7.4245  -13.5320 
G 0.0910   -2.2837  0.0130   -0.7663  -2.4386  -1.8492  -1.8849  7.9832   -2.0991  -5.1972  -4.8778  -1.8352  -3.6896  -4.4675  -1.7970  0.0624   -1.7665  -4.2822  -4.2026  -4.1298  -3.4181  -4.8714  -7.9944  -14.0016 
H -1.8499  0.6980   1.1742   -0.3391  -2.1295  1.1466   -0.4053  -2.0991  10.2186  -3.7108  -3.1316  0.0524   -2.1140  -1.3600  -1.8226  -0.5589  -1.0475  -1.1267  1.7491   -3.1562  -2.6310  -2.7565  -6.3391  -13.4849 
I -1.3370  -3.8205  -4.4984  -5.9423  -1.0176  -3.5744  -4.5312  -5.1972  -3.7108  5.5278   2.5497   -3.8350  1.8568   0.7427   -3.8223  -3.4150  -1.3658  -1.8292  -1.4274  3.5441   -8.2696  -7.1472  -0.4585  -13.4905 
L -1.4355  -3.3059  -4.4129  -5.5989  -1.2352  -2.9489  -4.3620  -4.8778  -3.1316  2.5497   5.0399   -3.7135  2.6109   1.6149   -3.7090  -3.4713  -2.0565  -0.7648  -0.9226  1.4195   -8.0551  -6.7767  -0.7625  -13.7774 
K -1.1257  3.0731   0.7903   0.0271   -4.1689  1.8966   1.3893   -1.8352  0.0524   -3.8350  -3.7135  6.0030   -2.3394  -4.7504  -0.9599  -0.0906  -0.2683  -3.9467  -2.7633  -3.2737  -2.6322  -1.4134  -6.7585  -13.4386 
M -0.7605  -2.2194  -2.8543  -4.3354  -0.8599  -1.1860  -3.0629  -3.6896  -2.1140  1.8568   2.6109   -2.3394  7.8643   1.1514   -3.4792  -1.9850  -0.8508  -0.8278  -0.6376  0.8797   -6.6438  -5.2609  -0.6558  -13.2598 
F -2.2612  -4.1801  -4.1516  -5.8180  -1.0825  -4.0107  -5.2726  -4.4675  -1.3600  0.7427   1.6149   -4.7504  1.1514   7.9809   -4.0785  -3.3619  -2.5791  2.6194   4.0318   -0.0151  -8.0310  -7.7554  -1.6908  -13.6224 
P -0.7314  -1.6475  -1.3564  -0.8031  -4.0425  -1.2610  -0.9023  -1.7970  -1.8226  -3.8223  -3.7090  -0.9599  -3.4792  -4.0785  9.5913   -0.1719  -1.0701  -3.7979  -3.7336  -2.8341  -4.0295  -4.0334  -6.7510  -13.8651 
S 0.9090   -0.5964  1.1377   0.3214   -0.4250  0.0920   -0.1089  0.0624   -0.5589  -3.4150  -3.4713  -0.0906  -1.9850  -3.3619  -0.1719  4.7402   1.9625   -3.5054  -2.4861  -2.4035  -2.3130  -3.0324  -6.4502  -13.3943 
T -0.0000  -0.7478  0.2657   -0.6977  -0.8932  -0.1712  -0.4609  -1.7665  -1.0475  -1.3658  -2.0565  -0.2683  -0.8508  -2.5791  -1.0701  1.9625   5.4486   -3.2007  -2.2136  -0.3024  -3.2622  -3.3499  -4.7853  -13.3929 
W -2.8931  -2.4425  -4.1246  -5.2281  -2.2827  -3.3942  -4.6086  -4.2822  -1.1267  -1.8292  -0.7648  -3.9467  -0.8278  2.6194   -3.7979  -3.5054  -3.2007  14.1391  3.3089   -2.1849  -7.7247  -7.1124  -4.1326  -13.8429 
Y -2.4970  -2.0859  -2.1022  -3.8328  -1.3994  -2.1847  -3.3043  -4.2026  1.7491   -1.4274  -0.9226  -2.7633  -0.6376  4.0318   -3.7336  -2.4861  -2.2136  3.3089   9.3334   -1.5474  -6.0122  -5.8499  -4.1044  -13.6622 
V -0.0009  -3.2299  -3.8880  -4.9221  -0.0890  -2.9244  -3.5359  -4.1298  -3.1562  3.5441   1.4195   -3.2737  0.8797   -0.0151  -2.8341  -2.4035  -0.3024  -2.1849  -1.5474  5.0863   -7.4525  -6.2963  -0.6606  -13.5006 
B -4.5318  -3.5575  0.1390   0.5221   -6.7800  -2.3636  -1.1570  -3.4181  -2.6310  -8.2696  -8.0551  -2.6322  -6.6438  -8.0310  -4.0295  -2.3130  -3.2622  -7.7247  -6.0122  -7.4525  1.2630   -4.5711  -11.1341 -16.5466 
Z -3.6973  -2.1664  -2.4383  -1.0269  -7.2920  -0.4214  -0.3034  -4.8714  -2.7565  -7.1472  -6.7767  -1.4134  -5.2609  -7.7554  -4.0334  -3.0324  -3.3499  -7.1124  -5.8499  -6.2963  -4.5711  0.3028   -9.9115  -16.4489 
J -4.3984  -6.4911  -7.4446  -8.7240  -4.1526  -6.1722  -7.4245  -7.9944  -6.3391  -0.4585  -0.7625  -6.7585  -0.6558  -1.6908  -6.7510  -6.4502  -4.7853  -4.1326  -4.1044  -0.6606  -11.1341 -9.9115  -0.5588  -16.6684 
X -13.5215 -13.5740 -13.4277 -13.6357 -13.7542 -13.3128 -13.5320 -14.0016 -13.4849 -13.4905 -13.7774 -13.4386 -13.2598 -13.6224 -13.8651 -13.3943 -13.3929 -13.8429 -13.6622 -13.5006 -16.5466 -16.4489 -16.6684 -20.5435 