# Decimal PFASUM16 substitution matrix
# Rounded to 4 decimal digits
# Units = 1/6 Bits
# Entropy H = 0.106671 Bits
# Pfam seed version = 29.0
#
# For further information on the PFASUM substitution model, see 
#
#    PFASUM: A substitution matrix from Pfam structural alignments
#    Frank Keul, Martin Hess, Michael Goesele, Kay Hamacher
#    BMC Bioinformatics, 18(1), 2017
#    http://dx.doi.org/10.1186/s12859-017-1703-z
#
#    Project Website:
#    http://www.cbs.tu-darmstadt.de/PFASUM
#
  A        R        N        D        C        Q        E        G        H        I        L        K        M        F        P        S        T        W        Y        V        B        Z        J        X        
A 3.2545   -0.9796  -1.0110  -1.1990  0.9301   -0.4353  -0.5510  1.2682   -1.2263  0.0294   -0.5155  -1.3180  -0.3956  -1.4795  -0.4382  0.7811   0.5090   -2.6293  -1.1723  0.5606   -7.1079  -6.5049  -6.2977  -26.4002 
R -0.9796  6.8181   1.4394   0.3741   -2.6058  2.1747   1.4703   -1.3996  1.0779   -4.2298  -3.6648  4.4375   -1.3171  -3.9652  -0.7220  0.3055   0.4555   -1.5453  -1.8522  -3.1297  -5.0962  -4.2435  -9.8821  -26.3868 
N -1.0110  1.4394   5.5972   3.6548   -3.4398  2.0759   1.6216   1.0446   2.5643   -4.8676  -4.5057  1.6342   -2.4472  -4.2966  -0.2437  1.6489   0.5004   -4.5295  -2.0868  -4.1332  -4.0665  -4.1954  -10.6458 -26.3459 
D -1.1990  0.3741   3.6548   8.4546   -3.7406  1.3157   3.8706   0.2589   1.0094   -5.9274  -5.2805  1.4084   -5.3472  -5.6687  0.1679   0.8530   0.1612   -5.2166  -4.3996  -4.6318  -2.9462  -3.0543  -11.5285 -26.5592 
C 0.9301   -2.6058  -3.4398  -3.7406  16.3452  -2.1753  -1.9232  -1.3276  -0.5323  0.2142   0.4962   -3.3055  1.3639   1.0301   -2.3371  0.1836   -0.0215  -0.7408  -1.0784  1.8477   -9.5943  -8.0222  -5.6134  -26.2762 
Q -0.4353  2.1747   2.0759   1.3157   -2.1753  5.6097   2.6106   -0.2200  0.8851   -3.8789  -3.8651  2.5543   -2.0481  -3.9077  0.1998   0.7808   0.6753   -2.3711  -2.5080  -3.0422  -4.3096  -4.4583  -9.8705  -26.2532 
E -0.5510  1.4703   1.6216   3.8706   -1.9232  2.6106   5.9592   -1.1649  0.6932   -4.5882  -4.1938  3.0935   -3.3118  -5.5433  0.1779   0.5817   0.2413   -3.6509  -2.8547  -4.1750  -3.1406  -4.8906  -10.3464 -26.4469 
G 1.2682   -1.3996  1.0446   0.2589   -1.3276  -0.2200  -1.1649  9.7054   -0.5136  -4.4013  -4.2454  -0.5824  -2.6455  -3.4190  0.3188   1.2669   -1.2082  -2.1099  -3.6477  -3.0626  -5.3535  -6.7778  -10.3062 -26.7535 
H -1.2263  1.0779   2.5643   1.0094   -0.5323  0.8851   0.6932   -0.5136  10.2363  -3.8699  -2.8606  0.8449   -1.0743  -1.4951  -0.7145  0.3853   -0.1815  -1.2383  1.9182   -2.8603  -4.2064  -5.2302  -9.2426  -26.2262 
I 0.0294   -4.2298  -4.8676  -5.9274  0.2142   -3.8789  -4.5882  -4.4013  -3.8699  5.7059   4.0320   -4.2233  2.6919   2.8344   -4.3992  -3.0686  -1.2197  0.1881   0.2356   4.5703   -11.4005 -10.3000 -3.4186  -26.5272 
L -0.5155  -3.6648  -4.5057  -5.2805  0.4962   -3.8651  -4.1938  -4.2454  -2.8606  4.0320   5.3811   -4.2118  2.6721   3.4404   -3.7599  -3.1208  -1.5203  1.1411   0.5987   3.0014   -10.8985 -10.0620 -4.4885  -26.8355 
K -1.3180  4.4375   1.6342   1.4084   -3.3055  2.5543   3.0935   -0.5824  0.8449   -4.2233  -4.2118  5.3474   -2.7301  -4.3969  -0.4198  0.7439   0.0637   -3.9380  -1.6935  -3.8709  -4.4821  -3.1163  -10.2163 -26.4138 
M -0.3956  -1.3171  -2.4472  -5.3472  1.3639   -2.0481  -3.3118  -2.6455  -1.0743  2.6919   2.6721   -2.7301  7.5470   1.6445   -1.6075  -1.9200  -0.8751  0.8028   1.3858   1.9873   -9.8285  -8.7884  -3.3202  -26.1815 
F -1.4795  -3.9652  -4.2966  -5.6687  1.0301   -3.9077  -5.5433  -3.4190  -1.4951  2.8344   3.4404   -4.3969  1.6445   8.0218   -3.5476  -3.5291  -1.8523  4.3569   4.8982   1.6507   -10.9804 -10.8573 -2.7923  -26.4762 
P -0.4382  -0.7220  -0.2437  0.1679   -2.3371  0.1998   0.1779   0.3188   -0.7145  -4.3992  -3.7599  -0.4198  -1.6075  -3.5476  12.3502  0.3721   -0.1758  -3.8505  -2.4271  -3.0925  -6.0280  -5.8134  -10.0051 -26.6873 
S 0.7811   0.3055   1.6489   0.8530   0.1836   0.7808   0.5817   1.2669   0.3853   -3.0686  -3.1208  0.7439   -1.9200  -3.5291  0.3721   3.5384   1.8026   -3.6555  -1.5073  -2.3773  -4.7543  -5.3388  -9.1003  -26.4351 
T 0.5090   0.4555   0.5004   0.1612   -0.0215  0.6753   0.2413   -1.2082  -0.1815  -1.2197  -1.5203  0.0637   -0.8751  -1.8523  -0.1758  1.8026   2.9084   -2.7680  -0.9609  -0.1067  -5.6737  -5.5840  -7.4011  -26.2685 
W -2.6293  -1.5453  -4.5295  -5.2166  -0.7408  -2.3711  -3.6509  -2.1099  -1.2383  0.1881   1.1411   -3.9380  0.8028   4.3569   -3.8505  -3.6555  -2.7680  19.9125  4.9356   -1.5038  -10.8787 -9.1206  -5.2203  -26.5520 
Y -1.1723  -1.8522  -2.0868  -4.3996  -1.0784  -2.5080  -2.8547  -3.6477  1.9182   0.2356   0.5987   -1.6935  1.3858   4.8982   -2.4271  -1.5073  -0.9609  4.9356   9.1688   0.0569   -9.2079  -8.7155  -5.5420  -26.3986 
V 0.5606   -3.1297  -4.1332  -4.6318  1.8477   -3.0422  -4.1750  -3.0626  -2.8603  4.5703   3.0014   -3.8709  1.9873   1.6507   -3.0925  -2.3773  -0.1067  -1.5038  0.0569   4.8794   -10.3880 -9.7079  -2.3489  -26.4412 
B -7.1079  -5.0962  -4.0665  -2.9462  -9.5943  -4.3096  -3.1406  -5.3535  -4.2064  -11.4005 -10.8985 -4.4821  -9.8285  -10.9804 -6.0280  -4.7543  -5.6737  -10.8787 -9.2079  -10.3880 -4.7435  -9.5855  -17.0919 -32.4561 
Z -6.5049  -4.2435  -4.1954  -3.0543  -8.0222  -4.4583  -4.8906  -6.7778  -5.2302  -10.3000 -10.0620 -3.1163  -8.7884  -10.8573 -5.8134  -5.3388  -5.5840  -9.1206  -8.7155  -9.7079  -9.5855  -5.7817  -16.1545 -32.3698 
J -6.2977  -9.8821  -10.6458 -11.5285 -5.6134  -9.8705  -10.3464 -10.3062 -9.2426  -3.4186  -4.4885  -10.2163 -3.3202  -2.7923  -10.0051 -9.1003  -7.4011  -5.2203  -5.5420  -2.3489  -17.0919 -16.1545 -6.1293  -32.7140 
X -26.4002 -26.3868 -26.3459 -26.5592 -26.2762 -26.2532 -26.4469 -26.7535 -26.2262 -26.5272 -26.8355 -26.4138 -26.1815 -26.4762 -26.6873 -26.4351 -26.2685 -26.5520 -26.3986 -26.4412 -32.4561 -32.3698 -32.7140 -40.4143 