# Decimal PFASUM28 substitution matrix
# Rounded to 4 decimal digits
# Units = 1/4 Bits
# Entropy H = 0.202903 Bits
# Pfam seed version = 29.0
#
# For further information on the PFASUM substitution model, see 
#
#    PFASUM: A substitution matrix from Pfam structural alignments
#    Frank Keul, Martin Hess, Michael Goesele, Kay Hamacher
#    BMC Bioinformatics, 18(1), 2017
#    http://dx.doi.org/10.1186/s12859-017-1703-z
#
#    Project Website:
#    http://www.cbs.tu-darmstadt.de/PFASUM
#
  A        R        N        D        C        Q        E        G        H        I        L        K        M        F        P        S        T        W        Y        V        B        Z        J        X        
A 3.7189   -0.9858  -1.1996  -1.3989  0.6598   -0.4495  -0.6832  0.5199   -1.6327  -0.6845  -0.6309  -1.0292  -0.1282  -1.3281  -0.5686  0.7759   0.1558   -1.9662  -1.6703  0.2799   -5.3077  -4.5911  -4.6512  -17.7566 
R -0.9858  6.6600   0.5501   0.1256   -2.9646  1.9956   1.2392   -1.5948  1.0545   -3.5164  -2.9711  3.3396   -1.9615  -3.5118  -0.7314  -0.1871  -0.3302  -1.8280  -1.5254  -2.8719  -3.6781  -2.4546  -7.1718  -17.7679 
N -1.1996  0.5501   6.2890   2.7461   -2.3134  1.2700   1.1647   0.4663   1.1061   -4.0292  -3.9576  1.4099   -2.5048  -3.5522  -0.5901  1.3159   0.5833   -3.4259  -1.6001  -3.4780  -1.4567  -2.7941  -7.9846  -17.6657 
D -1.3989  0.1256   2.7461   7.4776   -3.9744  1.2858   3.2042   -0.2949  0.0579   -5.3327  -5.0690  1.0247   -3.9481  -5.1355  0.0073   0.7323   -0.1623  -4.4906  -3.1158  -4.4256  -0.8426  -1.4686  -9.1676  -17.8580 
C 0.6598   -2.9646  -2.3134  -3.9744  15.4460  -3.1037  -4.0195  -1.5818  -1.5978  0.0926   -0.1092  -3.6225  0.1628   -0.0880  -2.9973  -0.2247  -0.6046  -1.5188  -0.7275  0.6930   -7.1617  -7.6457  -4.0319  -17.8114 
Q -0.4495  1.9956   1.2700   1.2858   -3.1037  5.1717   2.6610   -1.2897  1.1197   -3.2612  -2.7577  2.2745   -1.2655  -3.4774  -0.6620  0.4757   0.2287   -2.7590  -1.5985  -2.6549  -2.7214  -1.8738  -6.9435  -17.5476 
E -0.6832  1.2392   1.1647   3.2042   -4.0195  2.6610   5.8882   -1.4327  0.0962   -4.2195  -3.9414  2.2615   -2.9178  -4.6952  -0.3439  0.3285   -0.0237  -4.0401  -2.6257  -3.4171  -1.6326  -1.7987  -8.0453  -17.7583 
G 0.5199   -1.5948  0.4663   -0.2949  -1.5818  -1.2897  -1.4327  8.3854   -1.6052  -4.0623  -3.8190  -1.3188  -2.6452  -3.2693  -0.8350  0.6330   -0.9293  -3.0748  -3.1006  -3.1196  -3.9373  -5.3767  -7.9100  -18.1569 
H -1.6327  1.0545   1.1061   0.0579   -1.5978  1.1197   0.0962   -1.6052  11.6403  -3.4318  -2.9363  0.3173   -1.9463  -1.6505  -0.9193  -0.4256  -0.7961  -0.6992  1.3769   -2.8489  -3.4431  -3.4837  -7.1192  -17.7600 
I -0.6845  -3.5164  -4.0292  -5.3327  0.0926   -3.2612  -4.2195  -4.0623  -3.4318  4.9628   2.9715   -3.6051  2.1443   1.7051   -3.0737  -2.7715  -1.1135  -0.7659  -0.4561  3.5573   -8.7050  -7.8275  -1.7105  -17.7612 
L -0.6309  -2.9711  -3.9576  -5.0690  -0.1092  -2.7577  -3.9414  -3.8190  -2.9363  2.9715   4.5356   -3.5376  2.6341   2.2299   -2.9870  -2.8181  -1.5559  0.1470   -0.1242  1.9805   -8.5384  -7.4515  -2.4164  -18.0240 
K -1.0292  3.3396   1.4099   1.0247   -3.6225  2.2745   2.2615   -1.3188  0.3173   -3.6051  -3.5376  5.7243   -2.3795  -4.2162  -0.3056  0.2666   0.0597   -3.3590  -2.1542  -3.1347  -2.7974  -1.7334  -7.5631  -17.6936 
M -0.1282  -1.9615  -2.5048  -3.9481  0.1628   -1.2655  -2.9178  -2.6452  -1.9463  2.1443   2.6341   -2.3795  5.7048   1.6988   -2.6741  -1.4832  -0.5581  0.1315   0.2130   1.4081   -7.2487  -6.2176  -1.5468  -17.4575 
F -1.3281  -3.5118  -3.5522  -5.1355  -0.0880  -3.4774  -4.6952  -3.2693  -1.6505  1.7051   2.2299   -4.2162  1.6988   6.7939   -2.9673  -2.5714  -1.7438  3.0922   3.7899   0.9481   -8.3635  -8.1903  -1.9635  -17.7727 
P -0.5686  -0.7314  -0.5901  0.0073   -2.9973  -0.6620  -0.3439  -0.8350  -0.9193  -3.0737  -2.9870  -0.3056  -2.6741  -2.9673  10.0939  0.1757   -0.5183  -2.6256  -2.6703  -2.2369  -4.2559  -4.4656  -7.0197  -17.9872 
S 0.7759   -0.1871  1.3159   0.7323   -0.2247  0.4757   0.3285   0.6330   -0.4256  -2.7715  -2.8181  0.2666   -1.4832  -2.5714  0.1757   3.8131   1.8011   -2.7089  -1.7879  -1.9542  -2.9957  -3.6138  -6.8004  -17.6746 
T 0.1558   -0.3302  0.5833   -0.1623  -0.6046  0.2287   -0.0237  -0.9293  -0.7961  -1.1135  -1.5559  0.0597   -0.5581  -1.7438  -0.5183  1.8011   4.1184   -2.3121  -1.3518  -0.2280  -3.8122  -3.9242  -5.3842  -17.6138 
W -1.9662  -1.8280  -3.4259  -4.4906  -1.5188  -2.7590  -4.0401  -3.0748  -0.6992  -0.7659  0.1470   -3.3590  0.1315   3.0922   -2.6256  -2.7089  -2.3121  14.8903  4.0196   -1.1067  -7.9834  -7.5073  -4.1824  -17.8877 
Y -1.6703  -1.5254  -1.6001  -3.1158  -0.7275  -1.5985  -2.6257  -3.1006  1.3769   -0.4561  -0.1242  -2.1542  0.2130   3.7899   -2.6703  -1.7879  -1.3518  4.0196   8.5397   -0.5341  -6.3789  -6.2040  -4.2478  -17.7855 
V 0.2799   -2.8719  -3.4780  -4.4256  0.6930   -2.6549  -3.4171  -3.1196  -2.8489  3.5573   1.9805   -3.1347  1.4081   0.9481   -2.2369  -1.9542  -0.2280  -1.1067  -0.5341  4.3702   -7.9766  -7.1085  -1.3699  -17.7385 
B -5.3077  -3.6781  -1.4567  -0.8426  -7.1617  -2.7214  -1.6326  -3.9373  -3.4431  -8.7050  -8.5384  -2.7974  -7.2487  -8.3635  -4.2559  -2.9957  -3.8122  -7.9834  -6.3789  -7.9766  -0.9279  -6.0323  -12.6010 -21.7711 
Z -4.5911  -2.4546  -2.7941  -1.4686  -7.6457  -1.8738  -1.7987  -5.3767  -3.4837  -7.8275  -7.4515  -1.7334  -6.2176  -8.1903  -4.4656  -3.6138  -3.9242  -7.5073  -6.2040  -7.1085  -6.0323  -2.0327  -11.5912 -21.6763 
J -4.6512  -7.1718  -7.9846  -9.1676  -4.0319  -6.9435  -8.0453  -7.9100  -7.1192  -1.7105  -2.4164  -7.5631  -1.5468  -1.9635  -7.0197  -6.8004  -5.3842  -4.1824  -4.2478  -1.3699  -12.6010 -11.5912 -3.0177  -21.9238 
X -17.7566 -17.7679 -17.6657 -17.8580 -17.8114 -17.5476 -17.7583 -18.1569 -17.7600 -17.7612 -18.0240 -17.6936 -17.4575 -17.7727 -17.9872 -17.6746 -17.6138 -17.8877 -17.7855 -17.7385 -21.7711 -21.6763 -21.9238 -27.0824 