# Decimal PFASUM25 substitution matrix
# Rounded to 4 decimal digits
# Units = 1/5 Bits
# Entropy H = 0.175899 Bits
# Pfam seed version = 29.0
#
# For further information on the PFASUM substitution model, see 
#
#    PFASUM: A substitution matrix from Pfam structural alignments
#    Frank Keul, Martin Hess, Michael Goesele, Kay Hamacher
#    BMC Bioinformatics, 18(1), 2017
#    http://dx.doi.org/10.1186/s12859-017-1703-z
#
#    Project Website:
#    http://www.cbs.tu-darmstadt.de/PFASUM
#
  A        R        N        D        C        Q        E        G        H        I        L        K        M        F        P        S        T        W        Y        V        B        Z        J        X        
A 4.1858   -1.1635  -1.3450  -1.6369  0.8427   -0.4865  -0.8288  0.7439   -1.9927  -0.6896  -0.6288  -1.2202  -0.0249  -1.4448  -0.6648  0.9078   0.2465   -2.2165  -1.8460  0.3588   -6.5006  -5.6918  -5.6519  -22.1522 
R -1.1635  7.9151   0.8279   0.4257   -3.3236  2.4116   1.6395   -1.8238  1.2969   -4.1481  -3.5176  4.1534   -2.3431  -4.1960  -0.6683  -0.1681  -0.3714  -2.1452  -1.7849  -3.3692  -4.3858  -3.0459  -8.7507  -22.1631 
N -1.3450  0.8279   7.2784   3.3523   -2.5997  1.6391   1.6307   0.5191   1.3306   -4.6931  -4.5445  1.7854   -2.9249  -4.1366  -0.6166  1.5949   0.7490   -3.9937  -1.8451  -4.0342  -2.1238  -3.3660  -9.6006  -22.0473 
D -1.6369  0.4257   3.3523   9.0130   -4.5358  1.6627   4.0297   -0.2942  0.0918   -6.2396  -5.9200  1.4336   -4.6925  -6.0698  0.1744   0.9262   -0.1049  -5.3009  -3.6295  -5.1689  -1.2846  -1.8138  -11.0398 -22.2689 
C 0.8427   -3.3236  -2.5997  -4.5358  18.1442  -3.7305  -4.5698  -1.6601  -1.6628  0.3398   0.1498   -4.1412  0.4160   0.1996   -3.1628  -0.1102  -0.6485  -1.4985  -0.6500  0.9905   -8.5770  -9.2270  -4.7774  -22.1445 
Q -0.4865  2.4116   1.6391   1.6627   -3.7305  6.0795   3.2901   -1.4943  1.3565   -3.7829  -3.2076  2.7723   -1.5373  -4.0689  -0.7503  0.6011   0.2973   -3.2594  -1.8731  -3.1333  -3.3482  -2.5031  -8.4208  -21.9159 
E -0.8288  1.6395   1.6307   4.0297   -4.5698  3.2901   7.0140   -1.6742  0.1674   -4.9840  -4.5804  2.9058   -3.4293  -5.6064  -0.3312  0.4527   0.0464   -4.8882  -3.0468  -4.0641  -1.9802  -2.4553  -9.7311  -22.1538 
G 0.7439   -1.8238  0.5191   -0.2942  -1.6601  -1.4943  -1.6742  10.0301  -1.9529  -4.6021  -4.3401  -1.5709  -2.9531  -3.7291  -0.8866  0.8585   -0.9395  -3.5206  -3.6106  -3.5167  -4.9072  -6.6027  -9.4385  -22.6233 
H -1.9927  1.2969   1.3306   0.0918   -1.6628  1.3565   0.1674   -1.9529  14.4451  -4.0946  -3.5604  0.3742   -2.4392  -2.0207  -0.8878  -0.5254  -0.9608  -0.8388  1.4460   -3.3982  -4.3096  -4.3398  -8.7587  -22.1908 
I -0.6896  -4.1481  -4.6931  -6.2396  0.3398   -3.7829  -4.9840  -4.6021  -4.0946  5.7127   3.5646   -4.2661  2.5241   2.1357   -3.5092  -3.1736  -1.2638  -0.7555  -0.4074  4.1466   -10.4842 -9.4860  -2.3909  -22.1695 
L -0.6288  -3.5176  -4.5445  -5.9200  0.1498   -3.2076  -4.5804  -4.3401  -3.5604  3.5646   5.2022   -4.1573  3.0329   2.6933   -3.4454  -3.2298  -1.7577  0.3081   -0.0144  2.4024   -10.2522 -9.0072  -3.3304  -22.4793 
K -1.2202  4.1534   1.7854   1.4336   -4.1412  2.7723   2.9058   -1.5709  0.3742   -4.2661  -4.1573  6.8164   -2.8819  -5.0296  -0.3163  0.3679   0.0779   -4.0125  -2.4587  -3.7282  -3.4018  -2.1466  -9.1984  -22.0901 
M -0.0249  -2.3431  -2.9249  -4.6925  0.4160   -1.5373  -3.4293  -2.9531  -2.4392  2.5241   3.0329   -2.8819  6.1384   2.1002   -2.9982  -1.6513  -0.5655  0.3559   0.3549   1.7428   -8.8223  -7.6227  -2.1562  -21.7968 
F -1.4448  -4.1960  -4.1366  -6.0698  0.1996   -4.0689  -5.6064  -3.7291  -2.0207  2.1357   2.6933   -5.0296  2.1002   7.7548   -3.2843  -2.9143  -1.9473  3.6184   4.3690   1.2429   -10.1125 -9.9602  -2.5135  -22.1739 
P -0.6648  -0.6683  -0.6166  0.1744   -3.1628  -0.7503  -0.3312  -0.8866  -0.8878  -3.5092  -3.4454  -0.3163  -2.9982  -3.2843  12.0906  0.2292   -0.5387  -2.8120  -2.9580  -2.5574  -5.1801  -5.4937  -8.4696  -22.4107 
S 0.9078   -0.1681  1.5949   0.9262   -0.1102  0.6011   0.4527   0.8585   -0.5254  -3.1736  -3.2298  0.3679   -1.6513  -2.9143  0.2292   4.3386   2.1074   -3.1973  -2.0135  -2.2025  -3.7573  -4.4884  -8.2084  -22.0719 
T 0.2465   -0.3714  0.7490   -0.1049  -0.6485  0.2973   0.0464   -0.9395  -0.9608  -1.2638  -1.7577  0.0779   -0.5655  -1.9473  -0.5387  2.1074   4.5558   -2.6145  -1.4875  -0.2533  -4.6980  -4.8536  -6.5660  -21.9831 
W -2.2165  -2.1452  -3.9937  -5.3009  -1.4985  -3.2594  -4.8882  -3.5206  -0.8388  -0.7555  0.3081   -4.0125  0.3559   3.6184   -2.8120  -3.1973  -2.6145  17.8000  4.8544   -1.1631  -9.6678  -9.2011  -5.0778  -22.2874 
Y -1.8460  -1.7849  -1.8451  -3.6295  -0.6500  -1.8731  -3.0468  -3.6106  1.4460   -0.4074  -0.0144  -2.4587  0.3549   4.3690   -2.9580  -2.0135  -1.4875  4.8544   9.8719   -0.4821  -7.7505  -7.5607  -5.1612  -22.1738 
V 0.3588   -3.3692  -4.0342  -5.1689  0.9905   -3.1333  -4.0641  -3.5167  -3.3982  4.1466   2.4024   -3.7282  1.7428   1.2429   -2.5574  -2.2025  -0.2533  -1.1631  -0.4821  5.0117   -9.6227  -8.6824  -1.8844  -22.1357 
B -6.5006  -4.3858  -2.1238  -1.2846  -8.5770  -3.3482  -1.9802  -4.9072  -4.3096  -10.4842 -10.2522 -3.4018  -8.8223  -10.1125 -5.1801  -3.7573  -4.6980  -9.6678  -7.7505  -9.6227  -1.6301  -7.4893  -15.3394 -27.1666 
Z -5.6918  -3.0459  -3.3660  -1.8138  -9.2270  -2.5031  -2.4553  -6.6027  -4.3398  -9.4860  -9.0072  -2.1466  -7.6227  -9.9602  -5.4937  -4.4884  -4.8536  -9.2011  -7.5607  -8.6824  -7.4893  -2.9380  -14.1854 -27.0602 
J -5.6519  -8.7507  -9.6006  -11.0398 -4.7774  -8.4208  -9.7311  -9.4385  -8.7587  -2.3909  -3.3304  -9.1984  -2.1562  -2.5135  -8.4696  -8.2084  -6.5660  -5.0778  -5.1612  -1.8844  -15.3394 -14.1854 -4.2502  -27.3611 
X -22.1522 -22.1631 -22.0473 -22.2689 -22.1445 -21.9159 -22.1538 -22.6233 -22.1908 -22.1695 -22.4793 -22.0901 -21.7968 -22.1739 -22.4107 -22.0719 -21.9831 -22.2874 -22.1738 -22.1357 -27.1666 -27.0602 -27.3611 -33.8097 