# Decimal PFASUM54 substitution matrix
# Rounded to 4 decimal digits
# Units = 1/3 Bits
# Entropy H = 0.436177 Bits
# Pfam seed version = 29.0
#
# For further information on the PFASUM substitution model, see 
#
#    PFASUM: A substitution matrix from Pfam structural alignments
#    Frank Keul, Martin Hess, Michael Goesele, Kay Hamacher
#    BMC Bioinformatics, 18(1), 2017
#    http://dx.doi.org/10.1186/s12859-017-1703-z
#
#    Project Website:
#    http://www.cbs.tu-darmstadt.de/PFASUM
#
  A        R        N        D        C        Q        E        G        H        I        L        K        M        F        P        S        T        W        Y        V        B        Z        J        X        
A 4.3155   -1.2360  -1.3966  -1.4930  0.3749   -0.6002  -0.6863  0.1358   -1.7510  -1.2296  -1.3085  -1.0724  -0.6617  -2.1065  -0.6663  0.8671   0.0173   -2.7186  -2.3363  0.0340   -4.4515  -3.6536  -4.2788  -13.4937 
R -1.2360  6.5699   -0.0114  -0.8025  -3.3639  1.5955   0.4154   -2.1170  0.7395   -3.6608  -3.1690  3.0086   -2.1013  -3.9833  -1.4938  -0.5032  -0.6507  -2.3006  -1.9397  -3.0857  -3.4462  -2.1018  -6.3466  -13.5364 
N -1.3966  -0.0114  6.7553   2.3197   -2.6204  0.7879   0.4997   0.0865   1.1408   -4.3318  -4.2570  0.8340   -2.7351  -3.9836  -1.2263  1.1390   0.2999   -3.9542  -1.9895  -3.7479  -0.0071  -2.3896  -7.2848  -13.4020 
D -1.4930  -0.8025  2.3197   7.0261   -4.5673  0.6090   2.6143   -0.6629  -0.2681  -5.7094  -5.3823  0.1277   -4.1414  -5.5837  -0.6844  0.3784   -0.6062  -5.0019  -3.6493  -4.7326  0.3764   -1.0364  -8.5018  -13.6014 
C 0.3749   -3.3639  -2.6204  -4.5673  13.7535  -3.5197  -4.5242  -2.3131  -2.0135  -0.9025  -1.1082  -4.0072  -0.7478  -0.9676  -3.8388  -0.4244  -0.8691  -2.1352  -1.3015  -0.0291  -6.6257  -7.1182  -4.0301  -13.7163 
Q -0.6002  1.5955   0.7879   0.6090   -3.5197  5.8906   2.1532   -1.7178  1.1131   -3.4380  -2.8539  1.8861   -1.1574  -3.8426  -1.1488  0.1465   -0.1066  -3.2279  -2.0541  -2.8128  -2.3136  -0.5543  -6.0634  -13.2894 
E -0.6863  0.4154   0.4997   2.6143   -4.5242  2.1532   5.7775   -1.7604  -0.3271  -4.3563  -4.1940  1.4397   -2.9239  -5.0515  -0.7996  -0.0376  -0.3829  -4.3972  -3.1251  -3.4049  -1.1680  -0.4471  -7.2540  -13.5009 
G 0.1358   -2.1170  0.0865   -0.6629  -2.3131  -1.7178  -1.7604  7.8240   -1.9562  -4.9541  -4.6524  -1.7167  -3.4803  -4.2378  -1.6215  0.1210   -1.6249  -4.0674  -3.9686  -3.9315  -3.3263  -4.7443  -7.7628  -13.9539 
H -1.7510  0.7395   1.1408   -0.2681  -2.0135  1.1131   -0.3271  -1.9562  9.9887   -3.5480  -3.0038  0.1022   -1.9860  -1.3055  -1.6729  -0.4871  -0.9656  -1.0337  1.7028   -3.0134  -2.6085  -2.7274  -6.1995  -13.4543 
I -1.2296  -3.6608  -4.3318  -5.7094  -0.9025  -3.4380  -4.3563  -4.9541  -3.5480  5.3296   2.5446   -3.6859  1.8446   0.8422   -3.6404  -3.2570  -1.3089  -1.6708  -1.2690  3.4753   -8.0657  -6.9873  -0.5346  -13.4672 
L -1.3085  -3.1690  -4.2570  -5.3823  -1.1082  -2.8539  -4.1940  -4.6524  -3.0038  2.5446   4.8770   -3.5821  2.5723   1.6553   -3.5343  -3.3175  -1.9596  -0.6465  -0.8044  1.4553   -7.8647  -6.6397  -0.8609  -13.7450 
K -1.0724  3.0086   0.8340   0.1277   -4.0072  1.8861   1.4397   -1.7167  0.1022   -3.6859  -3.5821  5.7723   -2.2477  -4.5492  -0.8575  -0.0275  -0.2073  -3.7682  -2.5975  -3.1568  -2.5559  -1.3868  -6.6207  -13.4131 
M -0.6617  -2.1013  -2.7351  -4.1414  -0.7478  -1.1574  -2.9239  -3.4803  -1.9860  1.8446   2.5723   -2.2477  7.4935   1.1960   -3.2783  -1.8708  -0.7936  -0.7081  -0.5150  0.9153   -6.4831  -5.1720  -0.6859  -13.2332 
F -2.1065  -3.9833  -3.9836  -5.5837  -0.9676  -3.8426  -5.0515  -4.2378  -1.3055  0.8422   1.6553   -4.5492  1.1960   7.7177   -3.8498  -3.1995  -2.4358  2.6243   3.9395   0.0931   -7.8259  -7.5560  -1.6314  -13.5842 
P -0.6663  -1.4938  -1.2263  -0.6844  -3.8388  -1.1488  -0.7996  -1.6215  -1.6729  -3.6404  -3.5343  -0.8575  -3.2783  -3.8498  9.3947   -0.1200  -0.9674  -3.5950  -3.5226  -2.6896  -3.9080  -3.9277  -6.5737  -13.8159 
S 0.8671   -0.5032  1.1390   0.3784   -0.4244  0.1465   -0.0376  0.1210   -0.4871  -3.2570  -3.3175  -0.0275  -1.8708  -3.1995  -0.1200  4.4913   1.9108   -3.3314  -2.3341  -2.2935  -2.2797  -2.9673  -6.2947  -13.3724 
T 0.0173   -0.6507  0.2999   -0.6062  -0.8691  -0.1066  -0.3829  -1.6249  -0.9656  -1.3089  -1.9596  -0.2073  -0.7936  -2.4358  -0.9674  1.9108   5.1710   -3.0327  -2.0559  -0.2847  -3.1951  -3.2768  -4.7045  -13.3667 
W -2.7186  -2.3006  -3.9542  -5.0019  -2.1352  -3.2279  -4.3972  -4.0674  -1.0337  -1.6708  -0.6465  -3.7682  -0.7081  2.6243   -3.5950  -3.3314  -3.0327  13.9082  3.3047   -2.0230  -7.5223  -6.9192  -4.0021  -13.7938 
Y -2.3363  -1.9397  -1.9895  -3.6493  -1.3015  -2.0541  -3.1251  -3.9686  1.7028   -1.2690  -0.8044  -2.5975  -0.5150  3.9395   -3.5226  -2.3341  -2.0559  3.3047   9.0566   -1.3942  -5.8603  -5.6903  -3.9725  -13.6203 
V 0.0340   -3.0857  -3.7479  -4.7326  -0.0291  -2.8128  -3.4049  -3.9315  -3.0134  3.4753   1.4553   -3.1568  0.9153   0.0931   -2.6896  -2.2935  -0.2847  -2.0230  -1.3942  4.8927   -7.2836  -6.1724  -0.6749  -13.4754 
B -4.4515  -3.4462  -0.0071  0.3764   -6.6257  -2.3136  -1.1680  -3.3263  -2.6085  -8.0657  -7.8647  -2.5559  -6.4831  -7.8259  -3.9080  -2.2797  -3.1951  -7.5223  -5.8603  -7.2836  1.0202   -4.5645  -10.9388 -16.5155 
Z -3.6536  -2.1018  -2.3896  -1.0364  -7.1182  -0.5543  -0.4471  -4.7443  -2.7274  -6.9873  -6.6397  -1.3868  -5.1720  -7.5560  -3.9277  -2.9673  -3.2768  -6.9192  -5.6903  -6.1724  -4.5645  0.0645   -9.7666  -16.4205 
J -4.2788  -6.3466  -7.2848  -8.5018  -4.0301  -6.0634  -7.2540  -7.7628  -6.1995  -0.5346  -0.8609  -6.6207  -0.6859  -1.6314  -6.5737  -6.2947  -4.7045  -4.0021  -3.9725  -0.6749  -10.9388 -9.7666  -0.7336  -16.6393 
X -13.4937 -13.5364 -13.4020 -13.6014 -13.7163 -13.2894 -13.5009 -13.9539 -13.4543 -13.4672 -13.7450 -13.4131 -13.2332 -13.5842 -13.8159 -13.3724 -13.3667 -13.7938 -13.6203 -13.4754 -16.5155 -16.4205 -16.6393 -20.5118 