# Decimal PFASUM30 substitution matrix
# Rounded to 4 decimal digits
# Units = 1/4 Bits
# Entropy H = 0.221053 Bits
# Pfam seed version = 29.0
#
# For further information on the PFASUM substitution model, see 
#
#    PFASUM: A substitution matrix from Pfam structural alignments
#    Frank Keul, Martin Hess, Michael Goesele, Kay Hamacher
#    BMC Bioinformatics, 18(1), 2017
#    http://dx.doi.org/10.1186/s12859-017-1703-z
#
#    Project Website:
#    http://www.cbs.tu-darmstadt.de/PFASUM
#
  A        R        N        D        C        Q        E        G        H        I        L        K        M        F        P        S        T        W        Y        V        B        Z        J        X        
A 3.9499   -1.0116  -1.2723  -1.4222  0.6866   -0.4613  -0.6762  0.4689   -1.6830  -0.7867  -0.7394  -1.0467  -0.1796  -1.4640  -0.5915  0.8032   0.1314   -2.1004  -1.8001  0.2536   -5.3545  -4.5924  -4.7573  -17.7796 
R -1.0116  6.8205   0.4845   0.0057   -3.0876  2.0365   1.1813   -1.6700  1.0323   -3.6368  -3.0806  3.3680   -2.0122  -3.6484  -0.8601  -0.2119  -0.3506  -1.9402  -1.5869  -2.9670  -3.7747  -2.4739  -7.2852  -17.7901 
N -1.2723  0.4845   6.5542   2.7938   -2.5125  1.2421   1.1003   0.5021   1.1153   -4.2233  -4.1471  1.3945   -2.6191  -3.7517  -0.6526  1.3583   0.5874   -3.5929  -1.6873  -3.6333  -1.3124  -2.8446  -8.1759  -17.6820 
D -1.4222  0.0057   2.7938   7.6274   -4.1809  1.2566   3.2038   -0.3039  0.0139   -5.5709  -5.3021  0.9390   -4.1162  -5.3642  -0.0518  0.7337   -0.2085  -4.6960  -3.2887  -4.6118  -0.7317  -1.4712  -9.4026  -17.8825 
C 0.6866   -3.0876  -2.5125  -4.1809  15.8130  -3.2281  -4.2163  -1.7181  -1.7465  -0.0070  -0.2243  -3.7749  0.0735   -0.1610  -3.2013  -0.2651  -0.6299  -1.5877  -0.7654  0.6737   -7.3725  -7.8151  -4.1410  -17.8537 
Q -0.4613  2.0365   1.2421   1.2566   -3.2281  5.3660   2.6890   -1.3590  1.1301   -3.4048  -2.8825  2.3013   -1.3140  -3.6361  -0.7279  0.4612   0.1985   -2.8439  -1.6852  -2.7558  -2.7499  -1.7857  -7.0750  -17.5582 
E -0.6762  1.1813   1.1003   3.2038   -4.2163  2.6890   6.0315   -1.4665  0.0077   -4.3905  -4.1292  2.2068   -3.0021  -4.8963  -0.3871  0.3070   -0.0617  -4.2066  -2.7753  -3.5110  -1.6465  -1.7061  -8.2268  -17.7814 
G 0.4689   -1.6700  0.5021   -0.3039  -1.7181  -1.3590  -1.4665  8.6349   -1.6454  -4.3162  -4.0503  -1.3493  -2.8373  -3.4746  -0.9173  0.6034   -1.0254  -3.2250  -3.2453  -3.3210  -3.9284  -5.4248  -8.1496  -18.1909 
H -1.6830  1.0323   1.1153   0.0139   -1.7465  1.1301   0.0077   -1.6454  11.7777  -3.5500  -3.0157  0.2925   -1.9643  -1.6382  -1.0834  -0.4599  -0.8356  -0.7543  1.5127   -2.9463  -3.4659  -3.5335  -7.2124  -17.7765 
I -0.7867  -3.6368  -4.2233  -5.5709  -0.0070  -3.4048  -4.3905  -4.3162  -3.5500  5.1939   3.0549   -3.7290  2.2067   1.6861   -3.2429  -2.9402  -1.1786  -0.8803  -0.5549  3.6921   -8.9274  -7.9904  -1.5820  -17.7796 
L -0.7394  -3.0806  -4.1471  -5.3021  -0.2243  -2.8825  -4.1292  -4.0503  -3.0157  3.0549   4.7569   -3.6615  2.7535   2.2764   -3.1681  -2.9876  -1.6641  0.0690   -0.1974  2.0048   -8.7553  -7.6163  -2.2616  -18.0526 
K -1.0467  3.3680   1.3945   0.9390   -3.7749  2.3013   2.2068   -1.3493  0.2925   -3.7290  -3.6615  5.8649   -2.4388  -4.3651  -0.3790  0.2617   0.0608   -3.4630  -2.2428  -3.2156  -2.8523  -1.7566  -7.6870  -17.7062 
M -0.1796  -2.0122  -2.6191  -4.1162  0.0735   -1.3140  -3.0021  -2.8373  -1.9643  2.2067   2.7535   -2.4388  6.1105   1.7334   -2.8436  -1.5792  -0.6006  0.0444   0.1557   1.4120   -7.3964  -6.2918  -1.4477  -17.4686 
F -1.4640  -3.6484  -3.7517  -5.3642  -0.1610  -3.6361  -4.8963  -3.4746  -1.6382  1.6861   2.2764   -4.3651  1.7334   7.2014   -3.1768  -2.7398  -1.8786  3.1899   3.9685   0.9023   -8.5849  -8.3775  -1.9403  -17.7990 
P -0.5915  -0.8601  -0.6526  -0.0518  -3.2013  -0.7279  -0.3871  -0.9173  -1.0834  -3.2429  -3.1681  -0.3790  -2.8436  -3.1768  10.3816  0.1898   -0.5510  -2.7888  -2.8382  -2.3672  -4.3135  -4.5161  -7.1963  -18.0228 
S 0.8032   -0.2119  1.3583   0.7337   -0.2651  0.4612   0.3070   0.6034   -0.4599  -2.9402  -2.9876  0.2617   -1.5792  -2.7398  0.1898   4.0208   1.8818   -2.8324  -1.9115  -2.0626  -2.9778  -3.6330  -6.9696  -17.6859 
T 0.1314   -0.3506  0.5874   -0.2085  -0.6299  0.1985   -0.0617  -1.0254  -0.8356  -1.1786  -1.6641  0.0608   -0.6006  -1.8786  -0.5510  1.8818   4.3974   -2.4661  -1.4683  -0.2561  -3.8379  -3.9600  -5.4753  -17.6300 
W -2.1004  -1.9402  -3.5929  -4.6960  -1.5877  -2.8439  -4.2066  -3.2250  -0.7543  -0.8803  0.0690   -3.4630  0.0444   3.1899   -2.7888  -2.8324  -2.4661  15.3705  4.1107   -1.2349  -8.1750  -7.6426  -4.2727  -17.9283 
Y -1.8001  -1.5869  -1.6873  -3.2887  -0.7654  -1.6852  -2.7753  -3.2453  1.5127   -0.5549  -0.1974  -2.2428  0.1557   3.9685   -2.8382  -1.9115  -1.4683  4.1107   8.9570   -0.6314  -6.5151  -6.3304  -4.3303  -17.8156 
V 0.2536   -2.9670  -3.6333  -4.6118  0.6737   -2.7558  -3.5110  -3.3210  -2.9463  3.6921   2.0048   -3.2156  1.4120   0.9023   -2.3672  -2.0626  -0.2561  -1.2349  -0.6314  4.5950   -8.1523  -7.2081  -1.2964  -17.7573 
B -5.3545  -3.7747  -1.3124  -0.7317  -7.3725  -2.7499  -1.6465  -3.9284  -3.4659  -8.9274  -8.7553  -2.8523  -7.3964  -8.5849  -4.3135  -2.9778  -3.8379  -8.1750  -6.5151  -8.1523  -0.7154  -6.0472  -12.8199 -21.7928 
Z -4.5924  -2.4739  -2.8446  -1.4712  -7.8151  -1.7857  -1.7061  -5.4248  -3.5335  -7.9904  -7.6163  -1.7566  -6.2918  -8.3775  -4.5161  -3.6330  -3.9600  -7.6426  -6.3304  -7.2081  -6.0472  -1.8536  -11.7552 -21.6954 
J -4.7573  -7.2852  -8.1759  -9.4026  -4.1410  -7.0750  -8.2268  -8.1496  -7.2124  -1.5820  -2.2616  -7.6870  -1.4477  -1.9403  -7.1963  -6.9696  -5.4753  -4.2727  -4.3303  -1.2964  -12.8199 -11.7552 -2.7929  -21.9485 
X -17.7796 -17.7901 -17.6820 -17.8825 -17.8537 -17.5582 -17.7814 -18.1909 -17.7765 -17.7796 -18.0526 -17.7062 -17.4686 -17.7990 -18.0228 -17.6859 -17.6300 -17.9283 -17.8156 -17.7573 -21.7928 -21.6954 -21.9485 -27.1044 