# Decimal PFASUM46 substitution matrix
# Rounded to 4 decimal digits
# Units = 1/3 Bits
# Entropy H = 0.361932 Bits
# Pfam seed version = 29.0
#
# For further information on the PFASUM substitution model, see 
#
#    PFASUM: A substitution matrix from Pfam structural alignments
#    Frank Keul, Martin Hess, Michael Goesele, Kay Hamacher
#    BMC Bioinformatics, 18(1), 2017
#    http://dx.doi.org/10.1186/s12859-017-1703-z
#
#    Project Website:
#    http://www.cbs.tu-darmstadt.de/PFASUM
#
  A        R        N        D        C        Q        E        G        H        I        L        K        M        F        P        S        T        W        Y        V        B        Z        J        X        
A 3.9211   -1.0642  -1.2517  -1.3362  0.4278   -0.5044  -0.6177  0.2216   -1.5722  -1.0184  -1.0565  -0.9808  -0.4673  -1.7948  -0.5604  0.7864   0.0506   -2.3575  -2.0178  0.0993   -4.2993  -3.5744  -4.0422  -13.4392 
R -1.0642  6.0942   0.1246   -0.5224  -3.0787  1.6079   0.5959   -1.7988  0.7891   -3.3452  -2.8996  2.8630   -1.8806  -3.5836  -1.2026  -0.3386  -0.4743  -2.0340  -1.6635  -2.7916  -3.2294  -1.9924  -6.0618  -13.4649 
N -1.2517  0.1246   6.1752   2.2816   -2.4698  0.8434   0.6105   0.2195   1.0620   -3.9806  -3.9292  0.9154   -2.5006  -3.6170  -0.9705  1.1212   0.3463   -3.6100  -1.7651  -3.4608  -0.3073  -2.2998  -6.9485  -13.3539 
D -1.3362  -0.5224  2.2816   6.6031   -4.1639  0.7304   2.5434   -0.4793  -0.1435  -5.2288  -4.9500  0.3218   -3.7757  -5.1024  -0.4515  0.4640   -0.4358  -4.5514  -3.2846  -4.3510  0.0777   -1.0576  -8.0527  -13.5356 
C 0.4278   -3.0787  -2.4698  -4.1639  13.3628  -3.2409  -4.1187  -2.0472  -1.7974  -0.6463  -0.8318  -3.6599  -0.4923  -0.7158  -3.4255  -0.3933  -0.7843  -1.8056  -1.0606  0.1214   -6.3455  -6.7648  -3.7611  -13.6302 
Q -0.5044  1.6079   0.8434   0.7304   -3.2409  5.2899   2.1135   -1.4751  1.0484   -3.1678  -2.6596  1.8469   -1.0974  -3.4933  -0.9476  0.2449   0.0034   -2.8975  -1.7960  -2.5824  -2.2201  -0.8188  -5.8437  -13.2460 
E -0.6177  0.5959   0.6105   2.5434   -4.1187  2.1135   5.3583   -1.5299  -0.1809  -4.0090  -3.8606  1.5202   -2.6759  -4.6089  -0.6177  0.0851   -0.2423  -4.0145  -2.7777  -3.1545  -1.1932  -0.7328  -6.9158  -13.4434 
G 0.2216   -1.7988  0.2195   -0.4793  -2.0472  -1.4751  -1.5299  7.4681   -1.6902  -4.4402  -4.1734  -1.4771  -3.0647  -3.7484  -1.2702  0.2401   -1.3467  -3.5899  -3.4965  -3.5038  -3.1617  -4.5091  -7.2718  -13.8556 
H -1.5722  0.7891   1.0620   -0.1435  -1.7974  1.0484   -0.1809  -1.6902  9.5321   -3.2280  -2.7442  0.1793   -1.7626  -1.2134  -1.3959  -0.3767  -0.8165  -0.8851  1.5827   -2.7354  -2.5781  -2.6732  -5.9198  -13.3996 
I -1.0184  -3.3452  -3.9806  -5.2288  -0.6463  -3.1678  -4.0090  -4.4402  -3.2280  4.9070   2.5122   -3.3954  1.8184   1.0204   -3.2737  -2.9323  -1.1900  -1.3569  -0.9716  3.2998   -7.6418  -6.6708  -0.7055  -13.4224 
L -1.0565  -2.8996  -3.9292  -4.9500  -0.8318  -2.6596  -3.8606  -4.1734  -2.7442  2.5122   4.5198   -3.3295  2.4728   1.7174   -3.1893  -2.9907  -1.7556  -0.4225  -0.5815  1.5072   -7.4767  -6.3656  -1.0800  -13.6796 
K -0.9808  2.8630   0.9154   0.3218   -3.6599  1.8469   1.5202   -1.4771  0.1793   -3.3954  -3.3295  5.3186   -2.0786  -4.1496  -0.6657  0.0798   -0.0994  -3.4119  -2.2884  -2.9303  -2.4102  -1.3531  -6.3542  -13.3668 
M -0.4673  -1.8806  -2.5006  -3.7757  -0.4923  -1.0974  -2.6759  -3.0647  -1.7626  1.8184   2.4728   -2.0786  6.6464   1.2622   -2.8974  -1.6419  -0.6816  -0.4743  -0.2934  0.9789   -6.1751  -5.0085  -0.7617  -13.1823 
F -1.7948  -3.5836  -3.6170  -5.1024  -0.7158  -3.4933  -4.6089  -3.7484  -1.2134  1.0204   1.7174   -4.1496  1.2622   7.1159   -3.3951  -2.8567  -2.1291  2.6072   3.7095   0.2975   -7.3937  -7.1518  -1.5317  -13.5071 
P -0.5604  -1.2026  -0.9705  -0.4515  -3.4255  -0.9476  -0.6177  -1.2702  -1.3959  -3.2737  -3.1893  -0.6657  -2.8974  -3.3951  8.9594   -0.0084  -0.7593  -3.1487  -3.0907  -2.3949  -3.6694  -3.7398  -6.2208  -13.7176 
S 0.7864   -0.3386  1.1212   0.4640   -0.3933  0.2449   0.0851   0.2401   -0.3767  -2.9323  -2.9907  0.0798   -1.6419  -2.8567  -0.0084  3.9814   1.7838   -2.9725  -2.0388  -2.0643  -2.2381  -2.8537  -5.9686  -13.3314 
T 0.0506   -0.4743  0.3463   -0.4358  -0.7843  0.0034   -0.2423  -1.3467  -0.8165  -1.1900  -1.7556  -0.0994  -0.6816  -2.1291  -0.7593  1.7838   4.5896   -2.6785  -1.7489  -0.2553  -3.0785  -3.1475  -4.5343  -13.3167 
W -2.3575  -2.0340  -3.6100  -4.5514  -1.8056  -2.8975  -4.0145  -3.5899  -0.8851  -1.3569  -0.4225  -3.4119  -0.4743  2.6072   -3.1487  -2.9725  -2.6785  13.3679  3.2765   -1.7008  -7.1170  -6.5567  -3.7506  -13.6926 
Y -2.0178  -1.6635  -1.7651  -3.2846  -1.0606  -1.7960  -2.7777  -3.4965  1.5827   -0.9716  -0.5815  -2.2884  -0.2934  3.7095   -3.0907  -2.0388  -1.7489  3.2765   8.4370   -1.1008  -5.5582  -5.3791  -3.7240  -13.5378 
V 0.0993   -2.7916  -3.4608  -4.3510  0.1214   -2.5824  -3.1545  -3.5038  -2.7354  3.2998   1.5072   -2.9303  0.9789   0.2975   -2.3949  -2.0643  -0.2553  -1.7008  -1.1008  4.4831   -6.9415  -5.9288  -0.7294  -13.4258 
B -4.2993  -3.2294  -0.3073  0.0777   -6.3455  -2.2201  -1.1932  -3.1617  -2.5781  -7.6418  -7.4767  -2.4102  -6.1751  -7.3937  -3.6694  -2.2381  -3.0785  -7.1170  -5.5582  -6.9415  0.5229   -4.5542  -10.5380 -16.4562 
Z -3.5744  -1.9924  -2.2998  -1.0576  -6.7648  -0.8188  -0.7328  -4.5091  -2.6732  -6.6708  -6.3656  -1.3531  -5.0085  -7.1518  -3.7398  -2.8537  -3.1475  -6.5567  -5.3791  -5.9288  -4.5542  -0.4133  -9.4778  -16.3680 
J -4.0422  -6.0618  -6.9485  -8.0527  -3.7611  -5.8437  -6.9158  -7.2718  -5.9198  -0.7055  -1.0800  -6.3542  -0.7617  -1.5317  -6.2208  -5.9686  -4.5343  -3.7506  -3.7240  -0.7294  -10.5380 -9.4778  -1.1150  -16.5816 
X -13.4392 -13.4649 -13.3539 -13.5356 -13.6302 -13.2460 -13.4434 -13.8556 -13.3996 -13.4224 -13.6796 -13.3668 -13.1823 -13.5071 -13.7176 -13.3314 -13.3167 -13.6926 -13.5378 -13.4258 -16.4562 -16.3680 -16.5816 -20.4499 