# Decimal PFASUM29 substitution matrix
# Rounded to 4 decimal digits
# Units = 1/4 Bits
# Entropy H = 0.212108 Bits
# Pfam seed version = 29.0
#
# For further information on the PFASUM substitution model, see 
#
#    PFASUM: A substitution matrix from Pfam structural alignments
#    Frank Keul, Martin Hess, Michael Goesele, Kay Hamacher
#    BMC Bioinformatics, 18(1), 2017
#    http://dx.doi.org/10.1186/s12859-017-1703-z
#
#    Project Website:
#    http://www.cbs.tu-darmstadt.de/PFASUM
#
  A        R        N        D        C        Q        E        G        H        I        L        K        M        F        P        S        T        W        Y        V        B        Z        J        X        
A 3.8431   -0.9991  -1.2354  -1.4093  0.6600   -0.4524  -0.6790  0.4836   -1.6607  -0.7395  -0.6869  -1.0307  -0.1467  -1.3990  -0.5785  0.7930   0.1424   -2.0256  -1.7400  0.2640   -5.3302  -4.5903  -4.7068  -17.7687 
R -0.9991  6.7438   0.5107   0.0576   -3.0443  2.0157   1.2067   -1.6278  1.0318   -3.5705  -3.0163  3.3499   -1.9831  -3.5740  -0.7929  -0.1984  -0.3389  -1.8946  -1.5587  -2.9237  -3.7337  -2.4668  -7.2204  -17.7793 
N -1.2354  0.5107   6.4238   2.7702   -2.4368  1.2581   1.1262   0.4896   1.0991   -4.1256  -4.0451  1.3995   -2.5663  -3.6487  -0.6134  1.3392   0.5773   -3.5027  -1.6413  -3.5523  -1.3834  -2.8224  -8.0755  -17.6739 
D -1.4093  0.0576   2.7702   7.5564   -4.0985  1.2776   3.2037   -0.3038  0.0226   -5.4508  -5.1851  0.9869   -4.0475  -5.2603  -0.0297  0.7302   -0.1852  -4.5912  -3.2071  -4.5145  -0.7848  -1.4672  -9.2845  -17.8710 
C 0.6600   -3.0443  -2.4368  -4.0985  15.6880  -3.1544  -4.1314  -1.6533  -1.7167  0.0348   -0.1746  -3.7322  0.1139   -0.1202  -3.1168  -0.2548  -0.6303  -1.5757  -0.7752  0.6777   -7.2898  -7.7337  -4.0942  -17.8379 
Q -0.4524  2.0157   1.2581   1.2776   -3.1544  5.2502   2.6676   -1.3199  1.1144   -3.3284  -2.8102  2.2886   -1.2872  -3.5539  -0.6952  0.4659   0.2153   -2.7909  -1.6324  -2.6953  -2.7311  -1.8402  -7.0014  -17.5517 
E -0.6790  1.2067   1.1262   3.2037   -4.1314  2.6676   5.9676   -1.4460  0.0413   -4.2987  -4.0294  2.2289   -2.9594  -4.7966  -0.3717  0.3093   -0.0385  -4.1188  -2.7074  -3.4652  -1.6418  -1.7515  -8.1302  -17.7710 
G 0.4836   -1.6278  0.4896   -0.3038  -1.6533  -1.3199  -1.4460  8.5135   -1.6267  -4.2011  -3.9377  -1.3320  -2.7519  -3.3722  -0.8710  0.6201   -0.9824  -3.1468  -3.1707  -3.2269  -3.9326  -5.3969  -8.0362  -18.1748 
H -1.6607  1.0318   1.0991   0.0226   -1.7167  1.1144   0.0413   -1.6267  11.7433  -3.4972  -2.9765  0.2931   -1.9592  -1.6505  -0.9989  -0.4510  -0.8162  -0.7224  1.4289   -2.9024  -3.4671  -3.5197  -7.1686  -17.7715 
I -0.7395  -3.5705  -4.1256  -5.4508  0.0348   -3.3284  -4.2987  -4.2011  -3.4972  5.0820   3.0149   -3.6583  2.1759   1.6940   -3.1573  -2.8511  -1.1504  -0.8306  -0.5047  3.6251   -8.8155  -7.9039  -1.6447  -17.7710 
L -0.6869  -3.0163  -4.0451  -5.1851  -0.1746  -2.8102  -4.0294  -3.9377  -2.9765  3.0149   4.6475   -3.5896  2.6960   2.2528   -3.0802  -2.8976  -1.6168  0.1090   -0.1653  1.9930   -8.6431  -7.5269  -2.3367  -18.0378 
K -1.0307  3.3499   1.3995   0.9869   -3.7322  2.2886   2.2289   -1.3320  0.2931   -3.6583  -3.5896  5.7887   -2.4134  -4.2871  -0.3422  0.2593   0.0601   -3.4118  -2.1886  -3.1708  -2.8234  -1.7480  -7.6155  -17.6996 
M -0.1467  -1.9831  -2.5663  -4.0475  0.1139   -1.2872  -2.9594  -2.7519  -1.9592  2.1759   2.6960   -2.4134  5.9149   1.7223   -2.7668  -1.5304  -0.5765  0.0979   0.1887   1.4045   -7.3324  -6.2541  -1.4959  -17.4632 
F -1.3990  -3.5740  -3.6487  -5.2603  -0.1202  -3.5539  -4.7966  -3.3722  -1.6505  1.6940   2.2528   -4.2871  1.7223   6.9990   -3.0597  -2.6523  -1.8060  3.1465   3.8780   0.9276   -8.4777  -8.2837  -1.9529  -17.7856 
P -0.5785  -0.7929  -0.6134  -0.0297  -3.1168  -0.6952  -0.3717  -0.8710  -0.9989  -3.1573  -3.0802  -0.3422  -2.7668  -3.0597  10.2433  0.1810   -0.5321  -2.6995  -2.7517  -2.3007  -4.2856  -4.4947  -7.1093  -18.0048 
S 0.7930   -0.1984  1.3392   0.7302   -0.2548  0.4659   0.3093   0.6201   -0.4510  -2.8511  -2.8976  0.2593   -1.5304  -2.6523  0.1810   3.9139   1.8474   -2.7608  -1.8501  -2.0000  -2.9873  -3.6296  -6.8799  -17.6795 
T 0.1424   -0.3389  0.5773   -0.1852  -0.6303  0.2153   -0.0385  -0.9824  -0.8162  -1.1504  -1.6168  0.0601   -0.5765  -1.8060  -0.5321  1.8474   4.2632   -2.4071  -1.4084  -0.2377  -3.8290  -3.9390  -5.4353  -17.6222 
W -2.0256  -1.8946  -3.5027  -4.5912  -1.5757  -2.7909  -4.1188  -3.1468  -0.7224  -0.8306  0.1090   -3.4118  0.0979   3.1465   -2.6995  -2.7608  -2.4071  15.1341  4.0597   -1.1748  -8.0750  -7.5684  -4.2298  -17.9078 
Y -1.7400  -1.5587  -1.6413  -3.2071  -0.7752  -1.6324  -2.7074  -3.1707  1.4289   -0.5047  -0.1653  -2.1886  0.1887   3.8780   -2.7517  -1.8501  -1.4084  4.0597   8.7581   -0.5836  -6.4483  -6.2676  -4.2917  -17.8014 
V 0.2640   -2.9237  -3.5523  -4.5145  0.6777   -2.6953  -3.4652  -3.2269  -2.9024  3.6251   1.9930   -3.1708  1.4045   0.9276   -2.3007  -2.0000  -0.2377  -1.1748  -0.5836  4.4841   -8.0608  -7.1551  -1.3322  -17.7478 
B -5.3302  -3.7337  -1.3834  -0.7848  -7.2898  -2.7311  -1.6418  -3.9326  -3.4671  -8.8155  -8.6431  -2.8234  -7.3324  -8.4777  -4.2856  -2.9873  -3.8290  -8.0750  -6.4483  -8.0608  -0.8176  -6.0391  -12.7080 -21.7824 
Z -4.5903  -2.4668  -2.8224  -1.4672  -7.7337  -1.8402  -1.7515  -5.3969  -3.5197  -7.9039  -7.5269  -1.7480  -6.2541  -8.2837  -4.4947  -3.6296  -3.9390  -7.5684  -6.2676  -7.1551  -6.0391  -1.9390  -11.6671 -21.6862 
J -4.7068  -7.2204  -8.0755  -9.2845  -4.0942  -7.0014  -8.1302  -8.0362  -7.1686  -1.6447  -2.3367  -7.6155  -1.4959  -1.9529  -7.1093  -6.8799  -5.4353  -4.2298  -4.2917  -1.3322  -12.7080 -11.6671 -2.9050  -21.9359 
X -17.7687 -17.7793 -17.6739 -17.8710 -17.8379 -17.5517 -17.7710 -18.1748 -17.7715 -17.7710 -18.0378 -17.6996 -17.4632 -17.7856 -18.0048 -17.6795 -17.6222 -17.9078 -17.8014 -17.7478 -21.7824 -21.6862 -21.9359 -27.0936 