# Decimal PFASUM77 substitution matrix
# Rounded to 4 decimal digits
# Units = 1/2 Bits
# Entropy H = 0.679447 Bits
# Pfam seed version = 29.0
#
# For further information on the PFASUM substitution model, see 
#
#    PFASUM: A substitution matrix from Pfam structural alignments
#    Frank Keul, Martin Hess, Michael Goesele, Kay Hamacher
#    BMC Bioinformatics, 18(1), 2017
#    http://dx.doi.org/10.1186/s12859-017-1703-z
#
#    Project Website:
#    http://www.cbs.tu-darmstadt.de/PFASUM
#
  A        R        N        D        C        Q        E        G        H        I        L        K        M        F        P        S        T        W        Y        V        B        Z        J        X        
A 3.6164   -1.3008  -1.2556  -1.3633  0.1595   -0.6661  -0.6654  -0.1055  -1.6156  -1.2845  -1.3952  -0.9903  -0.8624  -2.0226  -0.7356  0.6892   -0.1001  -2.5120  -2.2015  -0.1600  -3.3181  -2.6657  -3.3531  -9.1159  
R -1.3008  5.2037   -0.3324  -1.1357  -2.7843  0.9412   -0.1760  -2.0758  0.2979   -3.0749  -2.6340  2.1931   -1.8888  -3.4050  -1.6383  -0.7545  -0.8633  -2.0652  -1.8605  -2.6604  -2.7745  -1.7142  -4.7919  -9.1759  
N -1.2556  -0.3324  5.5522   1.5152   -2.1497  0.3394   0.0248   -0.2684  0.8400   -3.5163  -3.4334  0.3187   -2.2968  -3.3031  -1.3924  0.7004   0.0163   -3.3120  -1.7669  -3.0587  0.5395   -1.8557  -5.4642  -9.0493  
D -1.3633  -1.1357  1.5152   5.4104   -3.7250  0.1319   1.8447   -0.8764  -0.4905  -4.6783  -4.3774  -0.3345  -3.5053  -4.5993  -0.9791  -0.0299  -0.8041  -4.1765  -3.1056  -3.8853  0.7664   -0.6734  -6.4868  -9.2013  
C 0.1595   -2.7843  -2.1497  -3.7250  9.7034   -2.9099  -3.8346  -2.0594  -1.8864  -1.0824  -1.2302  -3.3738  -0.9429  -1.1446  -3.3398  -0.3105  -0.7047  -1.9564  -1.3139  -0.2268  -4.9641  -5.4598  -3.1738  -9.2897  
Q -0.6661  0.9412   0.3394   0.1319   -2.9099  5.0211   1.4368   -1.6780  0.8104   -2.8127  -2.2229  1.2216   -0.9150  -3.1785  -1.1771  -0.1710  -0.3678  -2.7228  -1.8699  -2.3156  -1.7801  0.1233   -4.4306  -8.9605  
E -0.6654  -0.1760  0.0248   1.8447   -3.8346  1.4368   4.6100   -1.6862  -0.6017  -3.5825  -3.4121  0.7038   -2.5125  -4.2207  -0.9854  -0.3774  -0.6232  -3.7145  -2.7703  -2.7721  -0.7788  0.2324   -5.4750  -9.1313  
G -0.1055  -2.0758  -0.2684  -0.8764  -2.0594  -1.6780  -1.6862  5.7460   -1.8625  -4.2206  -3.9464  -1.6577  -3.1294  -3.6765  -1.8037  -0.1583  -1.6311  -3.5110  -3.5636  -3.3753  -2.6081  -3.6832  -6.0464  -9.4810  
H -1.6156  0.2979   0.8400   -0.4905  -1.8864  0.8104   -0.6017  -1.8625  7.4872   -2.9836  -2.4795  -0.1762  -1.8666  -1.0664  -1.6494  -0.6326  -1.0204  -1.0568  1.2531   -2.6030  -1.8620  -2.0002  -4.6587  -9.0967  
I -1.2845  -3.0749  -3.5163  -4.6783  -1.0824  -2.8127  -3.5825  -4.2206  -2.9836  4.2906   1.6689   -3.0566  1.2269   0.1643   -3.1350  -2.7899  -1.1136  -1.7104  -1.4537  2.5210   -6.1378  -5.2755  -0.0816  -9.0765  
L -1.3952  -2.6340  -3.4334  -4.3774  -1.2302  -2.2229  -3.4121  -3.9464  -2.4795  1.6689   3.8565   -2.8709  1.8217   0.9203   -3.0035  -2.7846  -1.6929  -0.9000  -0.9831  0.7968   -5.9472  -4.9169  -0.2126  -9.2846  
K -0.9903  2.1931   0.3187   -0.3345  -3.3738  1.2216   0.7038   -1.6577  -0.1762  -3.0566  -2.8709  4.6901   -1.8806  -3.8137  -1.0382  -0.3494  -0.4322  -3.1462  -2.3717  -2.5862  -2.0450  -1.0952  -4.9393  -9.0583  
M -0.8624  -1.8888  -2.2968  -3.5053  -0.9429  -0.9150  -2.5125  -3.1294  -1.8666  1.2269   1.8217   -1.8806  6.2330   0.5543   -2.9597  -1.7168  -0.7490  -0.9571  -0.8376  0.4398   -4.9407  -3.8194  -0.3876  -8.9379  
F -2.0226  -3.4050  -3.3031  -4.5993  -1.1446  -3.1785  -4.2207  -3.6765  -1.0664  0.1643   0.9203   -3.8137  0.5543   6.0462   -3.4138  -2.7303  -2.1869  1.7380   2.8943   -0.3937  -5.9889  -5.7932  -1.3410  -9.2050  
P -0.7356  -1.6383  -1.3924  -0.9791  -3.3398  -1.1771  -0.9854  -1.8037  -1.6494  -3.1350  -3.0035  -1.0382  -2.9597  -3.4138  6.9211   -0.3268  -1.0689  -3.2294  -3.1343  -2.3483  -3.1437  -3.0543  -5.0522  -9.4006  
S 0.6892   -0.7545  0.7004   -0.0299  -0.3105  -0.1710  -0.3774  -0.1583  -0.6326  -2.7899  -2.7846  -0.3494  -1.7168  -2.7303  -0.3268  3.9363   1.4047   -2.8676  -2.1388  -1.9777  -1.7038  -2.2999  -4.7866  -9.0122  
T -0.1001  -0.8633  0.0163   -0.8041  -0.7047  -0.3678  -0.6232  -1.6311  -1.0204  -1.1136  -1.6929  -0.4322  -0.7490  -2.1869  -1.0689  1.4047   4.4479   -2.6829  -1.9806  -0.2828  -2.4346  -2.5268  -3.4615  -9.0245  
W -2.5120  -2.0652  -3.3120  -4.1765  -1.9564  -2.7228  -3.7145  -3.5110  -1.0568  -1.7104  -0.9000  -3.1462  -0.9571  1.7380   -3.2294  -2.8676  -2.6829  10.0331  2.2138   -2.0002  -5.7855  -5.3098  -3.1784  -9.3743  
Y -2.2015  -1.8605  -1.7669  -3.1056  -1.3139  -1.8699  -2.7703  -3.5636  1.2531   -1.4537  -0.9831  -2.3717  -0.8376  2.8943   -3.1343  -2.1388  -1.9806  2.2138   6.9510   -1.5536  -4.4727  -4.4063  -3.1510  -9.2389  
V -0.1600  -2.6604  -3.0587  -3.8853  -0.2268  -2.3156  -2.7721  -3.3753  -2.6030  2.5210   0.7968   -2.5862  0.4398   -0.3937  -2.3483  -1.9777  -0.2828  -2.0002  -1.5536  3.9800   -5.5128  -4.5960  -0.4304  -9.0907  
B -3.3181  -2.7745  0.5395   0.7664   -4.9641  -1.7801  -0.7788  -2.6081  -1.8620  -6.1378  -5.9472  -2.0450  -4.9407  -5.9889  -3.1437  -1.7038  -2.4346  -5.7855  -4.4727  -5.5128  1.5401   -3.1074  -8.0173  -11.1376 
Z -2.6657  -1.7142  -1.8557  -0.6734  -5.4598  0.1233   0.2324   -3.6832  -2.0002  -5.2755  -4.9169  -1.0952  -3.8194  -5.7932  -3.0543  -2.2999  -2.5268  -5.3098  -4.4063  -4.5960  -3.1074  0.9161   -7.0464  -11.0678 
J -3.3531  -4.7919  -5.4642  -6.4868  -3.1738  -4.4306  -5.4750  -6.0464  -4.6587  -0.0816  -0.2126  -4.9393  -0.3876  -1.3410  -5.0522  -4.7866  -3.4615  -3.1784  -3.1510  -0.4304  -8.0173  -7.0464  0.1516   -11.2050 
X -9.1159  -9.1759  -9.0493  -9.2013  -9.2897  -8.9605  -9.1313  -9.4810  -9.0967  -9.0765  -9.2846  -9.0583  -8.9379  -9.2050  -9.4006  -9.0122  -9.0245  -9.3743  -9.2389  -9.0907  -11.1376 -11.0678 -11.2050 -13.8031 