# Decimal PFASUM76 substitution matrix
# Rounded to 4 decimal digits
# Units = 1/2 Bits
# Entropy H = 0.666077 Bits
# Pfam seed version = 29.0
#
# For further information on the PFASUM substitution model, see 
#
#    PFASUM: A substitution matrix from Pfam structural alignments
#    Frank Keul, Martin Hess, Michael Goesele, Kay Hamacher
#    BMC Bioinformatics, 18(1), 2017
#    http://dx.doi.org/10.1186/s12859-017-1703-z
#
#    Project Website:
#    http://www.cbs.tu-darmstadt.de/PFASUM
#
  A        R        N        D        C        Q        E        G        H        I        L        K        M        F        P        S        T        W        Y        V        B        Z        J        X        
A 3.5796   -1.2724  -1.2380  -1.3432  0.1714   -0.6487  -0.6525  -0.0941  -1.5904  -1.2596  -1.3667  -0.9730  -0.8391  -1.9906  -0.7209  0.6859   -0.0932  -2.4755  -2.1688  -0.1484  -3.2990  -2.6511  -3.3260  -9.1094  
R -1.2724  5.1669   -0.3137  -1.1012  -2.7471  0.9521   -0.1488  -2.0413  0.3111   -3.0418  -2.6075  2.1889   -1.8622  -3.3673  -1.6022  -0.7311  -0.8376  -2.0428  -1.8303  -2.6280  -2.7474  -1.6941  -4.7629  -9.1678  
N -1.2380  -0.3137  5.5052   1.5209   -2.1227  0.3529   0.0449   -0.2495  0.8398   -3.4864  -3.4056  0.3349   -2.2723  -3.2732  -1.3603  0.7051   0.0276   -3.2811  -1.7452  -3.0305  0.5147   -1.8381  -5.4356  -9.0429  
D -1.3432  -1.1012  1.5209   5.3771   -3.6870  0.1491   1.8411   -0.8526  -0.4708  -4.6366  -4.3411  -0.3095  -3.4678  -4.5577  -0.9493  -0.0127  -0.7814  -4.1398  -3.0734  -3.8489  0.7432   -0.6724  -6.4485  -9.1945  
C 0.1714   -2.7471  -2.1227  -3.6870  9.6799   -2.8742  -3.7826  -2.0267  -1.8509  -1.0499  -1.1983  -3.3253  -0.9153  -1.1126  -3.2938  -0.3031  -0.6907  -1.9279  -1.2845  -0.2089  -4.9318  -5.4147  -3.1417  -9.2799  
Q -0.6487  0.9521   0.3529   0.1491   -2.8742  4.9686   1.4420   -1.6474  0.8103   -2.7871  -2.2086  1.2284   -0.9059  -3.1497  -1.1567  -0.1547  -0.3494  -2.6983  -1.8436  -2.2931  -1.7644  0.1003   -4.4124  -8.9545  
E -0.6525  -0.1488  0.0449   1.8411   -3.7826  1.4420   4.5753   -1.6585  -0.5784  -3.5487  -3.3832  0.7216   -2.4841  -4.1787  -0.9612  -0.3562  -0.6007  -3.6784  -2.7363  -2.7482  -0.7763  0.2085   -5.4442  -9.1242  
G -0.0941  -2.0413  -0.2495  -0.8526  -2.0267  -1.6474  -1.6585  5.7229   -1.8327  -4.1745  -3.9037  -1.6281  -3.0882  -3.6347  -1.7650  -0.1456  -1.6029  -3.4703  -3.5179  -3.3362  -2.5864  -3.6544  -6.0024  -9.4722  
H -1.5904  0.3111   0.8398   -0.4708  -1.8509  0.8103   -0.5784  -1.8327  7.4504   -2.9510  -2.4568  -0.1595  -1.8376  -1.0576  -1.6236  -0.6152  -0.9985  -1.0438  1.2507   -2.5718  -1.8524  -1.9878  -4.6326  -9.0898  
I -1.2596  -3.0418  -3.4864  -4.6366  -1.0499  -2.7871  -3.5487  -4.1745  -2.9510  4.2547   1.6725   -3.0259  1.2282   0.1855   -3.0987  -2.7587  -1.1002  -1.6806  -1.4240  2.5134   -6.1019  -5.2450  -0.0950  -9.0712  
L -1.3667  -2.6075  -3.4056  -4.3411  -1.1983  -2.2086  -3.3832  -3.9037  -2.4568  1.6725   3.8261   -2.8476  1.8185   0.9312   -2.9733  -2.7570  -1.6737  -0.8734  -0.9607  0.8076   -5.9149  -4.8944  -0.2306  -9.2786  
K -0.9730  2.1889   0.3349   -0.3095  -3.3253  1.2284   0.7216   -1.6281  -0.1595  -3.0259  -2.8476  4.6514   -1.8579  -3.7748  -1.0093  -0.3293  -0.4143  -3.1160  -2.3389  -2.5613  -2.0239  -1.0817  -4.9132  -9.0513  
M -0.8391  -1.8622  -2.2723  -3.4678  -0.9153  -0.9059  -2.4841  -3.0882  -1.8376  1.2282   1.8185   -1.8579  6.1811   0.5698   -2.9203  -1.6922  -0.7377  -0.9290  -0.8108  0.4508   -4.9097  -3.8001  -0.3892  -8.9314  
F -1.9906  -3.3673  -3.2732  -4.5577  -1.1126  -3.1497  -4.1787  -3.6347  -1.0576  0.1855   0.9312   -3.7748  0.5698   6.0058   -3.3771  -2.7034  -2.1593  1.7391   2.8838   -0.3687  -5.9531  -5.7568  -1.3266  -9.1975  
P -0.7209  -1.6022  -1.3603  -0.9493  -3.2938  -1.1567  -0.9612  -1.7650  -1.6236  -3.0987  -2.9733  -1.0093  -2.9203  -3.3771  6.8931   -0.3137  -1.0461  -3.1895  -3.0959  -2.3208  -3.1131  -3.0315  -5.0197  -9.3913  
S 0.6859   -0.7311  0.7051   -0.0127  -0.3031  -0.1547  -0.3562  -0.1456  -0.6152  -2.7587  -2.7570  -0.3293  -1.6922  -2.7034  -0.3137  3.8917   1.4022   -2.8396  -2.1104  -1.9541  -1.6924  -2.2805  -4.7576  -9.0069  
T -0.0932  -0.8376  0.0276   -0.7814  -0.6907  -0.3494  -0.6007  -1.6029  -0.9985  -1.1002  -1.6737  -0.4143  -0.7377  -2.1593  -1.0461  1.4022   4.4015   -2.6525  -1.9506  -0.2768  -2.4172  -2.5058  -3.4448  -9.0182  
W -2.4755  -2.0428  -3.2811  -4.1398  -1.9279  -2.6983  -3.6784  -3.4703  -1.0438  -1.6806  -0.8734  -3.1160  -0.9290  1.7391   -3.1895  -2.8396  -2.6525  9.9975   2.2145   -1.9656  -5.7514  -5.2785  -3.1506  -9.3659  
Y -2.1688  -1.8303  -1.7452  -3.0734  -1.2845  -1.8436  -2.7363  -3.5179  1.2507   -1.4240  -0.9607  -2.3389  -0.8108  2.8838   -3.0959  -2.1104  -1.9506  2.2145   6.9125   -1.5215  -4.4457  -4.3754  -3.1260  -9.2312  
V -0.1484  -2.6280  -3.0305  -3.8489  -0.2089  -2.2931  -2.7482  -3.3362  -2.5718  2.5134   0.8076   -2.5613  0.4508   -0.3687  -2.3208  -1.9541  -0.2768  -1.9656  -1.5215  3.9454   -5.4801  -4.5725  -0.4296  -9.0848  
B -3.2990  -2.7474  0.5147   0.7432   -4.9318  -1.7644  -0.7763  -2.5864  -1.8524  -6.1019  -5.9149  -2.0239  -4.9097  -5.9531  -3.1131  -1.6924  -2.4172  -5.7514  -4.4457  -5.4801  1.5017   -3.1014  -7.9836  -11.1309 
Z -2.6511  -1.6941  -1.8381  -0.6724  -5.4147  0.1003   0.2085   -3.6544  -1.9878  -5.2450  -4.8944  -1.0817  -3.8001  -5.7568  -3.0315  -2.2805  -2.5058  -5.2785  -4.3754  -4.5725  -3.1014  0.8757   -7.0210  -11.0611 
J -3.3260  -4.7629  -5.4356  -6.4485  -3.1417  -4.4124  -5.4442  -6.0024  -4.6326  -0.0950  -0.2306  -4.9132  -0.3892  -1.3266  -5.0197  -4.7576  -3.4448  -3.1506  -3.1260  -0.4296  -7.9836  -7.0210  0.1201   -11.1993 
X -9.1094  -9.1678  -9.0429  -9.1945  -9.2799  -8.9545  -9.1242  -9.4722  -9.0898  -9.0712  -9.2786  -9.0513  -8.9314  -9.1975  -9.3913  -9.0069  -9.0182  -9.3659  -9.2312  -9.0848  -11.1309 -11.0611 -11.1993 -13.7963 