# Decimal PFASUM99 substitution matrix
# Rounded to 4 decimal digits
# Units = 1/2 Bits
# Entropy H = 0.731874 Bits
# Pfam seed version = 29.0
#
# For further information on the PFASUM substitution model, see 
#
#    PFASUM: A substitution matrix from Pfam structural alignments
#    Frank Keul, Martin Hess, Michael Goesele, Kay Hamacher
#    BMC Bioinformatics, 18(1), 2017
#    http://dx.doi.org/10.1186/s12859-017-1703-z
#
#    Project Website:
#    http://www.cbs.tu-darmstadt.de/PFASUM
#
  A        R        N        D        C        Q        E        G        H        I        L        K        M        F        P        S        T        W        Y        V        B        Z        J        X        
A 3.7593   -1.4163  -1.3182  -1.4458  0.1173   -0.7376  -0.7228  -0.1445  -1.7092  -1.3758  -1.5034  -1.0638  -0.9504  -2.1411  -0.7922  0.6927   -0.1235  -2.6538  -2.3222  -0.2012  -3.3922  -2.7282  -3.4547  -9.1401  
R -1.4163  5.3439   -0.4186  -1.2797  -2.9034  0.8865   -0.2999  -2.2049  0.2371   -3.2034  -2.7383  2.2029   -1.9900  -3.5482  -1.7827  -0.8605  -0.9731  -2.1568  -1.9828  -2.7887  -2.8911  -1.8071  -4.9046  -9.2089  
N -1.3182  -0.4186  5.7279   1.4818   -2.2312  0.2739   -0.0629  -0.3424  0.8318   -3.6175  -3.5282  0.2411   -2.3853  -3.4080  -1.5135  0.6792   -0.0271  -3.4320  -1.8495  -3.1492  0.6294   -1.9350  -5.5615  -9.0745  
D -1.4458  -1.2797  1.4818   5.5396   -3.8599  0.0483   1.8615   -0.9715  -0.5724  -4.8273  -4.5074  -0.4461  -3.6451  -4.7468  -1.1073  -0.1134  -0.9043  -4.3130  -3.2216  -4.0104  0.8543   -0.6791  -6.6236  -9.2287  
C 0.1173   -2.9034  -2.2312  -3.8599  9.7752   -3.0352  -4.0287  -2.1643  -1.9846  -1.1902  -1.3417  -3.5436  -1.0469  -1.2619  -3.4847  -0.3290  -0.7484  -2.0500  -1.4017  -0.2835  -5.0710  -5.6241  -3.2838  -9.3223  
Q -0.7376  0.8865   0.2739   0.0483   -3.0352  5.2316   1.3996   -1.7940  0.8128   -2.9103  -2.2736  1.1765   -0.9619  -3.2885  -1.2470  -0.2493  -0.4462  -2.8269  -1.9684  -2.4018  -1.8560  0.2111   -4.4969  -8.9866  
E -0.7228  -0.2999  -0.0629  1.8615   -4.0287  1.3996   4.7489   -1.7886  -0.6990  -3.7106  -3.5212  0.6156   -2.6262  -4.3739  -1.0965  -0.4754  -0.7240  -3.8589  -2.8997  -2.8642  -0.7888  0.3245   -5.5910  -9.1610  
G -0.1445  -2.2049  -0.3424  -0.9715  -2.1643  -1.7940  -1.7886  5.8304   -1.9820  -4.3728  -4.0938  -1.7749  -3.2728  -3.8269  -1.9448  -0.2070  -1.7321  -3.6491  -3.7267  -3.4984  -2.6938  -3.7906  -6.1956  -9.5119  
H -1.7092  0.2371   0.8318   -0.5724  -1.9846  0.8128   -0.6990  -1.9820  7.6204   -3.1018  -2.5597  -0.2503  -1.9715  -1.1077  -1.7313  -0.7037  -1.1087  -1.1302  1.2583   -2.7180  -1.9057  -2.0500  -4.7519  -9.1236  
I -1.3758  -3.2034  -3.6175  -4.8273  -1.1902  -2.9103  -3.7106  -4.3728  -3.1018  4.4380   1.6494   -3.1825  1.2182   0.0841   -3.2693  -2.9063  -1.1629  -1.8241  -1.5709  2.5461   -6.2631  -5.3912  -0.0282  -9.0977  
L -1.5034  -2.7383  -3.5282  -4.5074  -1.3417  -2.2736  -3.5212  -4.0938  -2.5597  1.6494   3.9769   -2.9658  1.8259   0.8739   -3.1102  -2.8853  -1.7667  -1.0061  -1.0689  0.7514   -6.0605  -4.9997  -0.1420  -9.3085  
K -1.0638  2.2029   0.2411   -0.4461  -3.5436  1.1765   0.6156   -1.7749  -0.2503  -3.1825  -2.9658  4.8478   -1.9650  -3.9722  -1.1629  -0.4475  -0.5150  -3.2642  -2.5052  -2.6863  -2.1411  -1.1661  -5.0455  -9.0887  
M -0.9504  -1.9900  -2.3853  -3.6451  -1.0469  -0.9619  -2.6262  -3.2728  -1.9715  1.2182   1.8259   -1.9650  6.4275   0.4918   -3.0888  -1.8196  -0.7933  -1.0645  -0.9450  0.4062   -5.0549  -3.9009  -0.3879  -8.9642  
F -2.1411  -3.5482  -3.4080  -4.7468  -1.2619  -3.2885  -4.3739  -3.8269  -1.1077  0.0841   0.8739   -3.9722  0.4918   6.1985   -3.5663  -2.8380  -2.2914  1.7172   2.9265   -0.4860  -6.1150  -5.9277  -1.3984  -9.2347  
P -0.7922  -1.7827  -1.5135  -1.1073  -3.4847  -1.2470  -1.0965  -1.9448  -1.7313  -3.2693  -3.1102  -1.1629  -3.0888  -3.5663  7.0126   -0.3780  -1.1497  -3.4008  -3.2811  -2.4477  -3.2688  -3.1507  -5.1691  -9.4357  
S 0.6927   -0.8605  0.6792   -0.1134  -0.3290  -0.2493  -0.4754  -0.2070  -0.7037  -2.9063  -2.8853  -0.4475  -1.8196  -2.8380  -0.3780  4.1073   1.4027   -2.9848  -2.2514  -2.0667  -1.7580  -2.3905  -4.8932  -9.0362  
T -0.1235  -0.9731  -0.0271  -0.9043  -0.7484  -0.4462  -0.7240  -1.7321  -1.1087  -1.1629  -1.7667  -0.5150  -0.7933  -2.2914  -1.1497  1.4027   4.6225   -2.8102  -2.0990  -0.3070  -2.5078  -2.6191  -3.5245  -9.0497  
W -2.6538  -2.1568  -3.4320  -4.3130  -2.0500  -2.8269  -3.8589  -3.6491  -1.1302  -1.8241  -1.0061  -3.2642  -1.0645  1.7172   -3.4008  -2.9848  -2.8102  10.1697  2.1931   -2.1387  -5.9146  -5.4370  -3.2873  -9.4085  
Y -2.3222  -1.9828  -1.8495  -3.2216  -1.4017  -1.9684  -2.8997  -3.7267  1.2583   -1.5709  -1.0689  -2.5052  -0.9450  2.9265   -3.2811  -2.2514  -2.0990  2.1931   7.0960   -1.6743  -4.5722  -4.5229  -3.2477  -9.2688  
V -0.2012  -2.7887  -3.1492  -4.0104  -0.2835  -2.4018  -2.8642  -3.4984  -2.7180  2.5461   0.7514   -2.6863  0.4062   -0.4860  -2.4477  -2.0667  -0.3070  -2.1387  -1.6743  4.1165   -5.6217  -4.6862  -0.4377  -9.1138  
B -3.3922  -2.8911  0.6294   0.8543   -5.0710  -1.8560  -0.7888  -2.6938  -1.9057  -6.2631  -6.0605  -2.1411  -5.0549  -6.1150  -3.2688  -1.7580  -2.5078  -5.9146  -4.5722  -5.6217  1.6869   -3.1355  -8.1351  -11.1642 
Z -2.7282  -1.8071  -1.9350  -0.6791  -5.6241  0.2111   0.3245   -3.7906  -2.0500  -5.3912  -4.9997  -1.1661  -3.9009  -5.9277  -3.1507  -2.3905  -2.6191  -5.4370  -4.5229  -4.6862  -3.1355  1.0770   -7.1408  -11.0964 
J -3.4547  -4.9046  -5.5615  -6.6236  -3.2838  -4.4969  -5.5910  -6.1956  -4.7519  -0.0282  -0.1420  -5.0455  -0.3879  -1.3984  -5.1691  -4.8932  -3.5245  -3.2873  -3.2477  -0.4377  -8.1351  -7.1408  0.2790   -11.2278 
X -9.1401  -9.2089  -9.0745  -9.2287  -9.3223  -8.9866  -9.1610  -9.5119  -9.1236  -9.0977  -9.3085  -9.0887  -8.9642  -9.2347  -9.4357  -9.0362  -9.0497  -9.4085  -9.2688  -9.1138  -11.1642 -11.0964 -11.2278 -13.8300 