# Decimal PFASUM39 substitution matrix
# Rounded to 4 decimal digits
# Units = 1/4 Bits
# Entropy H = 0.299517 Bits
# Pfam seed version = 29.0
#
# For further information on the PFASUM substitution model, see 
#
#    PFASUM: A substitution matrix from Pfam structural alignments
#    Frank Keul, Martin Hess, Michael Goesele, Kay Hamacher
#    BMC Bioinformatics, 18(1), 2017
#    http://dx.doi.org/10.1186/s12859-017-1703-z
#
#    Project Website:
#    http://www.cbs.tu-darmstadt.de/PFASUM
#
  A        R        N        D        C        Q        E        G        H        I        L        K        M        F        P        S        T        W        Y        V        B        Z        J        X        
A 4.7275   -1.2322  -1.5069  -1.6119  0.6682   -0.5943  -0.7544  0.3885   -1.8881  -1.1197  -1.1248  -1.2128  -0.4212  -2.0062  -0.6687  0.9551   0.0926   -2.7222  -2.3150  0.1903   -5.5654  -4.6930  -5.1229  -17.8588 
R -1.2322  7.5577   0.3144   -0.3867  -3.6862  2.1301   0.9700   -2.0568  1.0750   -4.1151  -3.5434  3.6351   -2.3001  -4.3194  -1.2636  -0.3175  -0.4716  -2.3984  -1.9445  -3.4005  -4.0675  -2.5612  -7.7529  -17.8788 
N -1.5069  0.3144   7.5415   2.9554   -3.0399  1.1842   0.9461   0.4179   1.3252   -4.8777  -4.8074  1.3271   -3.0480  -4.3828  -1.0168  1.4534   0.5103   -4.3249  -2.0593  -4.2460  -0.7792  -2.9622  -8.8339  -17.7511 
D -1.6119  -0.3867  2.9554   8.2947   -5.0136  1.1086   3.3105   -0.4525  -0.0614  -6.3969  -6.0660  0.6540   -4.6378  -6.2203  -0.3243  0.6964   -0.3978  -5.4992  -3.9398  -5.3164  -0.2570  -1.4310  -10.1888 -17.9728 
C 0.6682   -3.6862  -3.0399  -5.0136  17.0764  -3.8670  -4.9270  -2.3156  -2.0831  -0.4749  -0.7055  -4.4045  -0.2953  -0.5904  -4.0344  -0.4079  -0.8284  -1.9794  -1.1008  0.4072   -8.0608  -8.5008  -4.6172  -18.0352 
Q -0.5943  2.1301   1.1842   1.1086   -3.8670  6.3533   2.7655   -1.7134  1.3133   -3.8891  -3.2790  2.4043   -1.3968  -4.2445  -1.0345  0.3965   0.0997   -3.3929  -2.0885  -3.1719  -2.8579  -1.3877  -7.5021  -17.6150 
E -0.7544  0.9700   0.9461   3.3105   -4.9270  2.7655   6.6638   -1.7814  -0.0870  -4.9732  -4.7446  2.1010   -3.3149  -5.6353  -0.6385  0.2216   -0.1808  -4.8880  -3.3091  -3.9344  -1.6137  -1.2973  -8.8299  -17.8635 
G 0.3885   -2.0568  0.4179   -0.4525  -2.3156  -1.7134  -1.7814  9.4739   -1.9729  -5.2660  -4.9466  -1.7006  -3.5795  -4.3766  -1.3226  0.4400   -1.4699  -4.1869  -4.0661  -4.1163  -4.0531  -5.7554  -9.0653  -18.3547 
H -1.8881  1.0750   1.3252   -0.0614  -2.0831  1.3133   -0.0870  -1.9729  12.1765  -3.9481  -3.3616  0.2897   -2.1136  -1.5579  -1.5051  -0.4212  -0.9321  -0.9676  1.9202   -3.3276  -3.4096  -3.5140  -7.5763  -17.8102 
I -1.1197  -4.1151  -4.8777  -6.3969  -0.4749  -3.8891  -4.9732  -5.2660  -3.9481  5.9953   3.2633   -4.2059  2.3416   1.5359   -3.9340  -3.5116  -1.4263  -1.3938  -0.9638  4.1322   -9.6784  -8.5368  -1.1839  -17.8472 
L -1.1248  -3.5434  -4.8074  -6.0660  -0.7055  -3.2790  -4.7446  -4.9466  -3.3616  3.2633   5.5302   -4.1322  3.1187   2.3222   -3.8272  -3.5821  -2.0710  -0.2815  -0.5221  2.0304   -9.4779  -8.1428  -1.7521  -18.1601 
K -1.2128  3.6351   1.3271   0.6540   -4.4045  2.4043   2.1010   -1.7006  0.2897   -4.2059  -4.1322  6.5775   -2.6238  -5.0606  -0.6693  0.1909   -0.0438  -4.0761  -2.7022  -3.6487  -3.0400  -1.7818  -8.1600  -17.7729 
M -0.4212  -2.3001  -3.0480  -4.6378  -0.2953  -1.3968  -3.3149  -3.5795  -2.1136  2.3416   3.1187   -2.6238  7.7480   1.7353   -3.4231  -1.9271  -0.7804  -0.3405  -0.1345  1.3526   -7.8836  -6.5090  -1.1629  -17.5253 
F -2.0062  -4.3194  -4.3828  -6.2203  -0.5904  -4.2445  -5.6353  -4.3766  -1.5579  1.5359   2.3222   -5.0606  1.7353   8.6169   -4.0060  -3.3657  -2.4526  3.4312   4.6078   0.6301   -9.3387  -9.0664  -1.9626  -17.9170 
P -0.6687  -1.2636  -1.0168  -0.3243  -4.0344  -1.0345  -0.6385  -1.3226  -1.5051  -3.9340  -3.8272  -0.6693  -3.4231  -4.0060  11.3642  0.0980   -0.8093  -3.6085  -3.6083  -2.8632  -4.6189  -4.7858  -7.8673  -18.1776 
S 0.9551   -0.3175  1.4534   0.6964   -0.4079  0.3965   0.2216   0.4400   -0.4212  -3.5116  -3.5821  0.1909   -1.9271  -3.3657  0.0980   4.7477   2.1897   -3.4926  -2.3579  -2.4755  -2.9581  -3.7113  -7.5554  -17.7333 
T 0.0926   -0.4716  0.5103   -0.3978  -0.8284  0.0997   -0.1808  -1.4699  -0.9321  -1.4263  -2.0710  -0.0438  -0.7804  -2.4526  -0.8093  2.1897   5.4195   -3.1095  -1.9649  -0.3010  -3.9803  -4.0726  -5.8188  -17.6998 
W -2.7222  -2.3984  -4.3249  -5.4992  -1.9794  -3.3929  -4.8880  -4.1869  -0.9676  -1.3938  -0.2815  -4.0761  -0.3405  3.4312   -3.6085  -3.4926  -3.1095  16.9759  4.3070   -1.8373  -8.9526  -8.2732  -4.6772  -18.1190 
Y -2.3150  -1.9445  -2.0593  -3.9398  -1.1008  -2.0885  -3.3091  -4.0661  1.9202   -0.9638  -0.5221  -2.7022  -0.1345  4.6078   -3.6083  -2.3579  -1.9649  4.3070   10.3759  -1.1173  -7.0358  -6.8142  -4.6851  -17.9498 
V 0.1903   -3.4005  -4.2460  -5.3164  0.4072   -3.1719  -3.9344  -4.1163  -3.3276  4.1322   2.0304   -3.6487  1.3526   0.6301   -2.8632  -2.4755  -0.3010  -1.8373  -1.1173  5.4427   -8.8206  -7.6326  -1.0828  -17.8422 
B -5.5654  -4.0675  -0.7792  -0.2570  -8.0608  -2.8579  -1.6137  -4.0531  -3.4096  -9.6784  -9.4779  -3.0400  -7.8836  -9.3387  -4.6189  -2.9581  -3.9803  -8.9526  -7.0358  -8.8206  0.1003   -6.0556  -13.5529 -21.8750 
Z -4.6930  -2.5612  -2.9622  -1.4310  -8.5008  -1.3877  -1.2973  -5.7554  -3.5140  -8.5368  -8.1428  -1.7818  -6.5090  -9.0664  -4.7858  -3.7113  -4.0726  -8.2732  -6.8142  -7.6326  -6.0556  -1.0968  -12.2886 -21.7686 
J -5.1229  -7.7529  -8.8339  -10.1888 -4.6172  -7.5021  -8.8299  -9.0653  -7.5763  -1.1839  -1.7521  -8.1600  -1.1629  -1.9626  -7.8673  -7.5554  -5.8188  -4.6772  -4.6851  -1.0828  -13.5529 -12.2886 -2.0070  -22.0405 
X -17.8588 -17.8788 -17.7511 -17.9728 -18.0352 -17.6150 -17.8635 -18.3547 -17.8102 -17.8472 -18.1601 -17.7729 -17.5253 -17.9170 -18.1776 -17.7333 -17.6998 -18.1190 -17.9498 -17.8422 -21.8750 -21.7686 -22.0405 -27.1959 