# Decimal PFASUM64 substitution matrix
# Rounded to 4 decimal digits
# Units = 1/3 Bits
# Entropy H = 0.534119 Bits
# Pfam seed version = 29.0
#
# For further information on the PFASUM substitution model, see 
#
#    PFASUM: A substitution matrix from Pfam structural alignments
#    Frank Keul, Martin Hess, Michael Goesele, Kay Hamacher
#    BMC Bioinformatics, 18(1), 2017
#    http://dx.doi.org/10.1186/s12859-017-1703-z
#
#    Project Website:
#    http://www.cbs.tu-darmstadt.de/PFASUM
#
  A        R        N        D        C        Q        E        G        H        I        L        K        M        F        P        S        T        W        Y        V        B        Z        J        X        
A 4.7910   -1.5048  -1.5906  -1.7107  0.3281   -0.7414  -0.7978  0.0228   -2.0107  -1.5081  -1.6252  -1.2219  -0.9130  -2.4919  -0.8369  0.9590   -0.0405  -3.1586  -2.7391  -0.0654  -4.6597  -3.7767  -4.5811  -13.5657 
R -1.5048  7.1317   -0.1945  -1.1618  -3.6909  1.5460   0.1557   -2.5314  0.6378   -4.0636  -3.5054  3.1560   -2.4059  -4.4623  -1.8873  -0.7484  -0.9000  -2.6511  -2.2930  -3.4581  -3.7278  -2.2732  -6.7057  -13.6307 
N -1.5906  -0.1945  7.4538   2.3305   -2.8861  0.6992   0.3391   -0.1029  1.2182   -4.7425  -4.6478  0.7140   -3.0387  -4.4046  -1.5664  1.1198   0.2032   -4.3997  -2.2641  -4.0998  0.3538   -2.5233  -7.6830  -13.4691 
D -1.7107  -1.1618  2.3305   7.5148   -5.0092  0.4564   2.6909   -0.9225  -0.4455  -6.2740  -5.9062  -0.1152  -4.6227  -6.1593  -0.9920  0.2283   -0.8387  -5.5742  -4.0883  -5.1976  0.7245   -1.0131  -9.0401  -13.6850 
C 0.3281   -3.6909  -2.8861  -5.0092  14.1424  -3.8598  -5.0035  -2.6210  -2.3163  -1.1812  -1.3999  -4.4056  -1.0143  -1.2544  -4.3249  -0.4296  -0.9401  -2.4728  -1.5497  -0.1531  -6.9860  -7.5417  -4.3169  -13.8047 
Q -0.7414  1.5460   0.6992   0.4564   -3.8598  6.6072   2.1824   -2.0352  1.1806   -3.7735  -3.0773  1.8991   -1.2423  -4.2477  -1.4165  0.0007   -0.2743  -3.6175  -2.3652  -3.0898  -2.4396  -0.2310  -6.3246  -13.3479 
E -0.7978  0.1557   0.3391   2.6909   -5.0035  2.1824   6.2839   -2.0708  -0.5426  -4.7893  -4.6040  1.3095   -3.2735  -5.6014  -1.0696  -0.2302  -0.5876  -4.9137  -3.5634  -3.7248  -1.1498  -0.0942  -7.6723  -13.5799 
G 0.0228   -2.5314  -0.1029  -0.9225  -2.6210  -2.0352  -2.0708  8.1947   -2.3009  -5.5477  -5.1975  -2.0161  -3.9865  -4.7911  -2.0630  -0.0239  -1.9688  -4.6006  -4.5495  -4.4133  -3.5582  -5.0575  -8.3251  -14.0693 
H -2.0107  0.6378   1.2182   -0.4455  -2.3163  1.1806   -0.5426  -2.3009  10.5518  -3.9476  -3.3223  -0.0277  -2.3245  -1.4348  -2.0279  -0.6651  -1.1834  -1.2768  1.8097   -3.3832  -2.6658  -2.8186  -6.5456  -13.5313 
I -1.5081  -4.0636  -4.7425  -6.2740  -1.1812  -3.7735  -4.7893  -5.5477  -3.9476  5.8090   2.5480   -4.0578  1.8607   0.6016   -4.0899  -3.6494  -1.4570  -2.0617  -1.6551  3.6292   -8.5620  -7.3827  -0.3525  -13.5267 
L -1.6252  -3.5054  -4.6478  -5.9062  -1.3999  -3.0773  -4.6040  -5.1975  -3.3223  2.5480   5.2695   -3.8995  2.6605   1.5488   -3.9652  -3.6931  -2.2030  -0.9387  -1.0901  1.3633   -8.3311  -6.9711  -0.6242  -13.8233 
K -1.2219  3.1560   0.7140   -0.1152  -4.4056  1.8991   1.3095   -2.0161  -0.0277  -4.0578  -3.8995  6.3276   -2.4817  -5.0412  -1.1214  -0.2035  -0.3670  -4.1893  -2.9939  -3.4492  -2.7464  -1.4615  -6.9580  -13.4790 
M -0.9130  -2.4059  -3.0387  -4.6227  -1.0143  -1.2423  -3.2735  -3.9865  -2.3245  1.8607   2.6605   -2.4817  8.3684   1.0671   -3.7769  -2.1608  -0.9362  -1.0004  -0.8178  0.8251   -6.8839  -5.4024  -0.6215  -13.3015 
F -2.4919  -4.4623  -4.4046  -6.1593  -1.2544  -4.2477  -5.6014  -4.7911  -1.4348  0.6016   1.5488   -5.0412  1.0671   8.3364   -4.4092  -3.5933  -2.7906  2.6179   4.1434   -0.1791  -8.3323  -8.0468  -1.7815  -13.6783 
P -0.8369  -1.8873  -1.5664  -0.9920  -4.3249  -1.4165  -1.0696  -2.0630  -2.0279  -4.0899  -3.9652  -1.1214  -3.7769  -4.4092  9.8603   -0.2600  -1.2283  -4.1253  -4.0389  -3.0474  -4.2247  -4.1955  -7.0114  -13.9380 
S 0.9590   -0.7484  1.1198   0.2283   -0.4296  0.0007   -0.2302  -0.0239  -0.6651  -3.6494  -3.6931  -0.2035  -2.1608  -3.5933  -0.2600  5.1034   2.0250   -3.7686  -2.6987  -2.5686  -2.3736  -3.1428  -6.6767  -13.4292 
T -0.0405  -0.9000  0.2032   -0.8387  -0.9401  -0.2743  -0.5876  -1.9688  -1.1834  -1.4570  -2.2030  -0.3670  -0.9362  -2.7906  -1.2283  2.0250   5.8419   -3.4559  -2.4435  -0.3359  -3.3690  -3.4683  -4.9088  -13.4342 
W -3.1586  -2.6511  -4.3997  -5.5742  -2.4728  -3.6175  -4.9137  -4.6006  -1.2768  -2.0617  -0.9387  -4.1893  -1.0004  2.6179   -4.1253  -3.7686  -3.4559  14.4428  3.3156   -2.4276  -8.0402  -7.3847  -4.3253  -13.9133 
Y -2.7391  -2.2930  -2.2641  -4.0883  -1.5497  -2.3652  -3.5634  -4.5495  1.8097   -1.6551  -1.0901  -2.9939  -0.8178  4.1434   -4.0389  -2.6987  -2.4435  3.3156   9.6989   -1.7768  -6.2248  -6.0778  -4.2928  -13.7218 
V -0.0654  -3.4581  -4.0998  -5.1976  -0.1531  -3.0898  -3.7248  -4.4133  -3.3832  3.6292   1.3633   -3.4492  0.8251   -0.1791  -3.0474  -2.5686  -0.3359  -2.4276  -1.7768  5.3622   -7.7009  -6.4774  -0.6460  -13.5392 
B -4.6597  -3.7278  0.3538   0.7245   -6.9860  -2.4396  -1.1498  -3.5582  -2.6658  -8.5620  -8.3311  -2.7464  -6.8839  -8.3323  -4.2247  -2.3736  -3.3690  -8.0402  -6.2248  -7.7009  1.6001   -4.5864  -11.4160 -16.5933 
Z -3.7767  -2.2732  -2.5233  -1.0131  -7.5417  -0.2310  -0.0942  -5.0575  -2.8186  -7.3827  -6.9711  -1.4615  -5.4024  -8.0468  -4.1955  -3.1428  -3.4683  -7.3847  -6.0778  -6.4774  -4.5864  0.6439   -10.1204 -16.4925 
J -4.5811  -6.7057  -7.6830  -9.0401  -4.3169  -6.3246  -7.6723  -8.3251  -6.5456  -0.3525  -0.6242  -6.9580  -0.6215  -1.7815  -7.0114  -6.6767  -4.9088  -4.3253  -4.2928  -0.6460  -11.4160 -10.1204 -0.3150  -16.7105 
X -13.5657 -13.6307 -13.4691 -13.6850 -13.8047 -13.3479 -13.5799 -14.0693 -13.5313 -13.5267 -13.8233 -13.4790 -13.3015 -13.6783 -13.9380 -13.4292 -13.4342 -13.9133 -13.7218 -13.5392 -16.5933 -16.4925 -16.7105 -20.5910 