# Decimal PFASUM68 substitution matrix
# Rounded to 4 decimal digits
# Units = 1/3 Bits
# Entropy H = 0.575287 Bits
# Pfam seed version = 29.0
#
# For further information on the PFASUM substitution model, see 
#
#    PFASUM: A substitution matrix from Pfam structural alignments
#    Frank Keul, Martin Hess, Michael Goesele, Kay Hamacher
#    BMC Bioinformatics, 18(1), 2017
#    http://dx.doi.org/10.1186/s12859-017-1703-z
#
#    Project Website:
#    http://www.cbs.tu-darmstadt.de/PFASUM
#
  A        R        N        D        C        Q        E        G        H        I        L        K        M        F        P        S        T        W        Y        V        B        Z        J        X        
A 4.9795   -1.6294  -1.6735  -1.8038  0.3103   -0.8104  -0.8524  -0.0230  -2.1274  -1.6293  -1.7569  -1.2944  -1.0187  -2.6494  -0.9153  0.9865   -0.0694  -3.3305  -2.9020  -0.1123  -4.7487  -3.8368  -4.7087  -13.5964 
R -1.6294  7.3421   -0.2765  -1.3110  -3.8186  1.5182   0.0409   -2.6987  0.5888   -4.2247  -3.6395  3.2057   -2.5271  -4.6561  -2.0475  -0.8546  -1.0075  -2.7817  -2.4370  -3.6129  -3.8470  -2.3513  -6.8493  -13.6692 
N -1.6735  -0.2765  7.7245   2.3242   -2.9791  0.6527   0.2625   -0.1862  1.2370   -4.9045  -4.8019  0.6585   -3.1534  -4.5807  -1.7155  1.1033   0.1557   -4.5790  -2.3795  -4.2446  0.4951   -2.5887  -7.8400  -13.4986 
D -1.8038  -1.3110  2.3242   7.6984   -5.1789  0.3913   2.7201   -1.0322  -0.5216  -6.4953  -6.1054  -0.2181  -4.8065  -6.3836  -1.1239  0.1561   -0.9398  -5.7933  -4.2593  -5.3843  0.8555   -1.0048  -9.2472  -13.7185 
C 0.3103   -3.8186  -2.9791  -5.1789  14.2703  -3.9886  -5.2035  -2.7550  -2.4612  -1.2984  -1.5161  -4.5699  -1.1190  -1.3770  -4.5183  -0.4372  -0.9640  -2.6199  -1.6601  -0.1950  -7.1185  -7.7126  -4.4334  -13.8394 
Q -0.8104  1.5182   0.6527   0.3913   -3.9886  6.8847   2.1852   -2.1664  1.1967   -3.9056  -3.1604  1.8927   -1.2764  -4.4071  -1.5191  -0.0671  -0.3466  -3.7632  -2.4951  -3.2018  -2.4972  -0.1049  -6.4244  -13.3731 
E -0.8524  0.0409   0.2625   2.7201   -5.2035  2.1852   6.4775   -2.1983  -0.6399  -4.9633  -4.7622  1.2474   -3.4131  -5.8225  -1.1848  -0.3211  -0.6799  -5.1127  -3.7400  -3.8526  -1.1471  0.0423   -7.8363  -13.6131 
G -0.0230  -2.6987  -0.1862  -1.0322  -2.7550  -2.1664  -2.1983  8.3258   -2.4390  -5.7759  -5.4078  -2.1446  -4.1862  -5.0047  -2.2494  -0.0828  -2.1058  -4.7996  -4.7839  -4.6000  -3.6573  -5.1864  -8.5419  -14.1139 
H -2.1274  0.5888   1.2370   -0.5216  -2.4612  1.1967   -0.6399  -2.4390  10.7637  -4.1032  -3.4447  -0.0881  -2.4648  -1.4908  -2.1629  -0.7450  -1.2783  -1.3749  1.8392   -3.5371  -2.6962  -2.8656  -6.6795  -13.5640 
I -1.6293  -4.2247  -4.9045  -6.4953  -1.2984  -3.9056  -4.9633  -5.7759  -4.1032  5.9952   2.5396   -4.2096  1.8587   0.4991   -4.2733  -3.8047  -1.5168  -2.2093  -1.8096  3.6776   -8.7563  -7.5406  -0.2843  -13.5518 
L -1.7569  -3.6395  -4.8019  -6.1054  -1.5161  -3.1604  -4.7622  -5.4078  -3.4447  2.5396   5.4203   -4.0234  2.6847   1.5007   -4.1338  -3.8391  -2.3016  -1.0554  -1.2036  1.3189   -8.5107  -7.0976  -0.5347  -13.8541 
K -1.2944  3.2057   0.6585   -0.2181  -4.5699  1.8927   1.2474   -2.1446  -0.0881  -4.2096  -4.0234  6.5429   -2.5730  -5.2440  -1.2371  -0.2872  -0.4394  -4.3450  -3.1570  -3.5739  -2.8289  -1.5021  -7.0922  -13.5082 
M -1.0187  -2.5271  -3.1534  -4.8065  -1.1190  -1.2764  -3.4131  -4.1862  -2.4648  1.8587   2.6847   -2.5730  8.6748   1.0010   -3.9716  -2.2781  -0.9898  -1.1180  -0.9438  0.7815   -7.0357  -5.4941  -0.6061  -13.3305 
F -2.6494  -4.6561  -4.5807  -6.3836  -1.3770  -4.4071  -5.8225  -5.0047  -1.4908  0.4991   1.5007   -5.2440  1.0010   8.5622   -4.6270  -3.7469  -2.9358  2.6140   4.2059   -0.2971  -8.5351  -8.2426  -1.8474  -13.7168 
P -0.9153  -2.0475  -1.7155  -1.1239  -4.5183  -1.5191  -1.1848  -2.2494  -2.1629  -4.2733  -4.1338  -1.2371  -3.9716  -4.6270  10.0251  -0.3263  -1.3380  -4.3325  -4.2378  -3.1917  -4.3621  -4.3057  -7.1854  -13.9870 
S 0.9865   -0.8546  1.1033   0.1561   -0.4372  -0.0671  -0.3211  -0.0828  -0.7450  -3.8047  -3.8391  -0.2872  -2.2781  -3.7469  -0.3263  5.3443   2.0573   -3.9373  -2.8439  -2.6815  -2.4214  -3.2252  -6.8262  -13.4543 
T -0.0694  -1.0075  0.1557   -0.9398  -0.9640  -0.3466  -0.6799  -2.1058  -1.2783  -1.5168  -2.3016  -0.4394  -0.9898  -2.9358  -1.3380  2.0573   6.0935   -3.6214  -2.5980  -0.3576  -3.4465  -3.5533  -4.9911  -13.4628 
W -3.3305  -2.7817  -4.5790  -5.7933  -2.6199  -3.7632  -5.1127  -4.7996  -1.3749  -2.2093  -1.0554  -4.3450  -1.1180  2.6140   -4.3325  -3.9373  -3.6214  14.6253  3.3207   -2.5902  -8.2424  -7.5623  -4.4519  -13.9577 
Y -2.9020  -2.4370  -2.3795  -4.2593  -1.6601  -2.4951  -3.7400  -4.7839  1.8392   -1.8096  -1.2036  -3.1570  -0.9438  4.2059   -4.2378  -2.8439  -2.5980  3.3207   9.9271   -1.9400  -6.3704  -6.2359  -4.4205  -13.7623 
V -0.1123  -3.6129  -4.2446  -5.3843  -0.1950  -3.2018  -3.8526  -4.6000  -3.5371  3.6776   1.3189   -3.5739  0.7815   -0.2971  -3.1917  -2.6815  -0.3576  -2.5902  -1.9400  5.5434   -7.8696  -6.5999  -0.6431  -13.5665 
B -4.7487  -3.8470  0.4951   0.8555   -7.1185  -2.4972  -1.1471  -3.6573  -2.6962  -8.7563  -8.5107  -2.8289  -7.0357  -8.5351  -4.3621  -2.4214  -3.4465  -8.2424  -6.3704  -7.8696  1.8191   -4.5998  -11.6009 -16.6255 
Z -3.8368  -2.3513  -2.5887  -1.0048  -7.7126  -0.1049  0.0423   -5.1864  -2.8656  -7.5406  -7.0976  -1.5021  -5.4941  -8.2426  -4.3057  -3.2252  -3.5533  -7.5623  -6.2359  -6.5999  -4.5998  0.8666   -10.2580 -16.5231 
J -4.7087  -6.8493  -7.8400  -9.2472  -4.4334  -6.4244  -7.8363  -8.5419  -6.6795  -0.2843  -0.5347  -7.0922  -0.6061  -1.8474  -7.1854  -6.8262  -4.9911  -4.4519  -4.4205  -0.6431  -11.6009 -10.2580 -0.1547  -16.7390 
X -13.5964 -13.6692 -13.4986 -13.7185 -13.8394 -13.3731 -13.6131 -14.1139 -13.5640 -13.5518 -13.8541 -13.5082 -13.3305 -13.7168 -13.9870 -13.4543 -13.4628 -13.9577 -13.7623 -13.5665 -16.6255 -16.5231 -16.7390 -20.6237 