# Decimal PFASUM75 substitution matrix
# Rounded to 4 decimal digits
# Units = 1/2 Bits
# Entropy H = 0.652777 Bits
# Pfam seed version = 29.0
#
# For further information on the PFASUM substitution model, see 
#
#    PFASUM: A substitution matrix from Pfam structural alignments
#    Frank Keul, Martin Hess, Michael Goesele, Kay Hamacher
#    BMC Bioinformatics, 18(1), 2017
#    http://dx.doi.org/10.1186/s12859-017-1703-z
#
#    Project Website:
#    http://www.cbs.tu-darmstadt.de/PFASUM
#
  A        R        N        D        C        Q        E        G        H        I        L        K        M        F        P        S        T        W        Y        V        B        Z        J        X        
A 3.5425   -1.2443  -1.2206  -1.3231  0.1849   -0.6321  -0.6402  -0.0820  -1.5654  -1.2348  -1.3384  -0.9567  -0.8160  -1.9583  -0.7054  0.6829   -0.0863  -2.4366  -2.1349  -0.1386  -3.2800  -2.6372  -3.2991  -9.1029  
R -1.2443  5.1303   -0.2935  -1.0662  -2.7106  0.9621   -0.1214  -2.0065  0.3238   -3.0104  -2.5825  2.1838   -1.8379  -3.3312  -1.5671  -0.7066  -0.8129  -2.0159  -1.8001  -2.5974  -2.7192  -1.6742  -4.7356  -9.1599  
N -1.2206  -0.2935  5.4591   1.5262   -2.0944  0.3652   0.0644   -0.2322  0.8376   -3.4563  -3.3788  0.3514   -2.2498  -3.2437  -1.3283  0.7090   0.0384   -3.2482  -1.7223  -3.0035  0.4907   -1.8213  -5.4077  -9.0367  
D -1.3231  -1.0662  1.5262   5.3440   -3.6492  0.1664   1.8380   -0.8292  -0.4520  -4.5942  -4.3045  -0.2841  -3.4309  -4.5155  -0.9198  0.0047   -0.7586  -4.1027  -3.0411  -3.8131  0.7200   -0.6711  -6.4098  -9.1876  
C 0.1849   -2.7106  -2.0944  -3.6492  9.6530   -2.8343  -3.7265  -1.9914  -1.8184  -1.0159  -1.1626  -3.2769  -0.8829  -1.0762  -3.2470  -0.2941  -0.6759  -1.8972  -1.2500  -0.1909  -4.8987  -5.3654  -3.1067  -9.2693  
Q -0.6321  0.9621   0.3652   0.1664   -2.8343  4.9165   1.4462   -1.6178  0.8105   -2.7614  -2.1955  1.2356   -0.8979  -3.1205  -1.1353  -0.1378  -0.3314  -2.6715  -1.8178  -2.2712  -1.7492  0.0773   -4.3949  -8.9486  
E -0.6402  -0.1214  0.0644   1.8380   -3.7265  1.4462   4.5405   -1.6305  -0.5546  -3.5147  -3.3547  0.7394   -2.4540  -4.1375  -0.9354  -0.3348  -0.5786  -3.6394  -2.7011  -2.7237  -0.7737  0.1844   -5.4137  -9.1171  
G -0.0820  -2.0065  -0.2322  -0.8292  -1.9914  -1.6178  -1.6305  5.6992   -1.8030  -4.1282  -3.8615  -1.5981  -3.0461  -3.5919  -1.7269  -0.1321  -1.5743  -3.4333  -3.4711  -3.2972  -2.5657  -3.6258  -5.9586  -9.4633  
H -1.5654  0.3238   0.8376   -0.4520  -1.8184  0.8105   -0.5546  -1.8030  7.4136   -2.9206  -2.4352  -0.1435  -1.8105  -1.0490  -1.5979  -0.5979  -0.9769  -1.0246  1.2483   -2.5422  -1.8442  -1.9748  -4.6078  -9.0830  
I -1.2348  -3.0104  -3.4563  -4.5942  -1.0159  -2.7614  -3.5147  -4.1282  -2.9206  4.2180   1.6757   -2.9947  1.2305   0.2066   -3.0644  -2.7276  -1.0870  -1.6503  -1.3925  2.5049   -6.0654  -5.2142  -0.1088  -9.0658  
L -1.3384  -2.5825  -3.3788  -4.3045  -1.1626  -2.1955  -3.3547  -3.8615  -2.4352  1.6757   3.7952   -2.8252  1.8143   0.9414   -2.9449  -2.7295  -1.6539  -0.8490  -0.9391  0.8180   -5.8828  -4.8725  -0.2490  -9.2726  
K -0.9567  2.1838   0.3514   -0.2841  -3.2769  1.2356   0.7394   -1.5981  -0.1435  -2.9947  -2.8252  4.6128   -1.8386  -3.7353  -0.9802  -0.3076  -0.3956  -3.0849  -2.3047  -2.5361  -2.0025  -1.0680  -4.8876  -9.0443  
M -0.8160  -1.8379  -2.2498  -3.4309  -0.8829  -0.8979  -2.4540  -3.0461  -1.8105  1.2305   1.8143   -1.8386  6.1280   0.5831   -2.8847  -1.6684  -0.7266  -0.9013  -0.7845  0.4610   -4.8798  -3.7804  -0.3911  -8.9250  
F -1.9583  -3.3312  -3.2437  -4.5155  -1.0762  -3.1205  -4.1375  -3.5919  -1.0490  0.2066   0.9414   -3.7353  0.5831   5.9643   -3.3371  -2.6746  -2.1306  1.7406   2.8718   -0.3440  -5.9171  -5.7206  -1.3128  -9.1899  
P -0.7054  -1.5671  -1.3283  -0.9198  -3.2470  -1.1353  -0.9354  -1.7269  -1.5979  -3.0644  -2.9449  -0.9802  -2.8847  -3.3371  6.8642   -0.3003  -1.0238  -3.1476  -3.0575  -2.2940  -3.0828  -3.0073  -4.9891  -9.3820  
S 0.6829   -0.7066  0.7090   0.0047   -0.2941  -0.1378  -0.3348  -0.1321  -0.5979  -2.7276  -2.7295  -0.3076  -1.6684  -2.6746  -0.3003  3.8461   1.3989   -2.8095  -2.0790  -1.9302  -1.6811  -2.2607  -4.7288  -9.0014  
T -0.0863  -0.8129  0.0384   -0.7586  -0.6759  -0.3314  -0.5786  -1.5743  -0.9769  -1.0870  -1.6539  -0.3956  -0.7266  -2.1306  -1.0238  1.3989   4.3554   -2.6194  -1.9195  -0.2719  -2.4000  -2.4852  -3.4281  -9.0120  
W -2.4366  -2.0159  -3.2482  -4.1027  -1.8972  -2.6715  -3.6394  -3.4333  -1.0246  -1.6503  -0.8490  -3.0849  -0.9013  1.7406   -3.1476  -2.8095  -2.6194  9.9612   2.2131   -1.9304  -5.7160  -5.2446  -3.1241  -9.3573  
Y -2.1349  -1.8001  -1.7223  -3.0411  -1.2500  -1.8178  -2.7011  -3.4711  1.2483   -1.3925  -0.9391  -2.3047  -0.7845  2.8718   -3.0575  -2.0790  -1.9195  2.2131   6.8732   -1.4889  -4.4179  -4.3440  -3.1009  -9.2232  
V -0.1386  -2.5974  -3.0035  -3.8131  -0.1909  -2.2712  -2.7237  -3.2972  -2.5422  2.5049   0.8180   -2.5361  0.4610   -0.3440  -2.2940  -1.9302  -0.2719  -1.9304  -1.4889  3.9106   -5.4483  -4.5489  -0.4296  -9.0790  
B -3.2800  -2.7192  0.4907   0.7200   -4.8987  -1.7492  -0.7737  -2.5657  -1.8442  -6.0654  -5.8828  -2.0025  -4.8798  -5.9171  -3.0828  -1.6811  -2.4000  -5.7160  -4.4179  -5.4483  1.4635   -3.0955  -7.9500  -11.1242 
Z -2.6372  -1.6742  -1.8213  -0.6711  -5.3654  0.0773   0.1844   -3.6258  -1.9748  -5.2142  -4.8725  -1.0680  -3.7804  -5.7206  -3.0073  -2.2607  -2.4852  -5.2446  -4.3440  -4.5489  -3.0955  0.8351   -6.9960  -11.0544 
J -3.2991  -4.7356  -5.4077  -6.4098  -3.1067  -4.3949  -5.4137  -5.9586  -4.6078  -0.1088  -0.2490  -4.8876  -0.3911  -1.3128  -4.9891  -4.7288  -3.4281  -3.1241  -3.1009  -0.4296  -7.9500  -6.9960  0.0881   -11.1937 
X -9.1029  -9.1599  -9.0367  -9.1876  -9.2693  -8.9486  -9.1171  -9.4633  -9.0830  -9.0658  -9.2726  -9.0443  -8.9250  -9.1899  -9.3820  -9.0014  -9.0120  -9.3573  -9.2232  -9.0790  -11.1242 -11.0544 -11.1937 -13.7895 