# Decimal PFASUM27 substitution matrix
# Rounded to 4 decimal digits
# Units = 1/5 Bits
# Entropy H = 0.193815 Bits
# Pfam seed version = 29.0
#
# For further information on the PFASUM substitution model, see 
#
#    PFASUM: A substitution matrix from Pfam structural alignments
#    Frank Keul, Martin Hess, Michael Goesele, Kay Hamacher
#    BMC Bioinformatics, 18(1), 2017
#    http://dx.doi.org/10.1186/s12859-017-1703-z
#
#    Project Website:
#    http://www.cbs.tu-darmstadt.de/PFASUM
#
  A        R        N        D        C        Q        E        G        H        I        L        K        M        F        P        S        T        W        Y        V        B        Z        J        X        
A 4.4955   -1.1927  -1.4534  -1.7203  0.7997   -0.5391  -0.8455  0.6735   -2.0268  -0.8049  -0.7336  -1.2618  -0.1242  -1.5808  -0.6840  0.9477   0.1972   -2.3791  -2.0008  0.3557   -6.5974  -5.7241  -5.7606  -22.1822 
R -1.1927  8.1702   0.7279   0.2685   -3.6064  2.4568   1.5980   -1.9302  1.3355   -4.3176  -3.6578  4.1705   -2.4336  -4.3090  -0.8215  -0.2082  -0.3849  -2.2239  -1.8663  -3.5094  -4.5184  -3.0539  -8.9010  -22.1931 
N -1.4534  0.7279   7.6879   3.4014   -2.8124  1.6182   1.5089   0.5558   1.3538   -4.9108  -4.8250  1.7705   -3.0589  -4.3182  -0.6965  1.6401   0.7468   -4.2021  -1.9584  -4.2423  -1.9151  -3.4482  -9.8574  -22.0713 
D -1.7203  0.2685   3.4014   9.2441   -4.8418  1.6321   4.0059   -0.3416  0.0938   -6.5228  -6.2056  1.3306   -4.8701  -6.3042  0.0551   0.9305   -0.1578  -5.4955  -3.8093  -5.4027  -1.1279  -1.8318  -11.3243 -22.3052 
C 0.7997   -3.6064  -2.8124  -4.8418  19.0647  -3.8398  -4.8820  -1.9248  -1.8621  0.1632   -0.0750  -4.4303  0.2616   -0.0120  -3.5717  -0.2455  -0.7490  -1.7721  -0.8222  0.8748   -8.8454  -9.4564  -4.9837  -22.2355 
Q -0.5391  2.4568   1.6182   1.6321   -3.8398  6.3178   3.3177   -1.5778  1.4076   -3.9766  -3.3654  2.8314   -1.5806  -4.2348  -0.7899  0.5962   0.3044   -3.4090  -1.9358  -3.2414  -3.3742  -2.3998  -8.5912  -21.9268 
E -0.8455  1.5980   1.5089   4.0059   -4.8820  3.3177   7.2545   -1.7501  0.1539   -5.1771  -4.8200  2.8577   -3.5807  -5.7785  -0.4047  0.4252   0.0150   -4.9945  -3.1767  -4.1985  -2.0269  -2.3110  -9.9534  -22.1823 
G 0.6735   -1.9302  0.5558   -0.3416  -1.9248  -1.5778  -1.7501  10.3228  -1.9883  -4.9193  -4.6314  -1.6032  -3.1916  -3.9708  -0.9946  0.8017   -1.0903  -3.7485  -3.8005  -3.7719  -4.9186  -6.6822  -9.7393  -22.6741 
H -2.0268  1.3355   1.3538   0.0938   -1.8621  1.4076   0.1539   -1.9883  14.4978  -4.2244  -3.6446  0.4132   -2.4441  -2.0373  -1.0710  -0.5452  -0.9719  -0.8514  1.6528   -3.4861  -4.3043  -4.3297  -8.8591  -22.1941 
I -0.8049  -4.3176  -4.9108  -6.5228  0.1632   -3.9766  -5.1771  -4.9193  -4.2244  6.0491   3.6662   -4.4314  2.6476   2.1383   -3.7554  -3.3675  -1.3501  -0.8715  -0.5269  4.3435   -10.7430 -9.6836  -2.2185  -22.1910 
L -0.7336  -3.6578  -4.8250  -6.2056  -0.0750  -3.3654  -4.8200  -4.6314  -3.6446  3.6662   5.5186   -4.3459  3.2073   2.7650   -3.6428  -3.4163  -1.8728  0.2374   -0.1207  2.4562   -10.5433 -9.2159  -3.1212  -22.5132 
K -1.2618  4.1705   1.7705   1.3306   -4.4303  2.8314   2.8577   -1.6032  0.4132   -4.4314  -4.3459  7.0517   -2.9495  -5.1781  -0.3703  0.3498   0.0751   -4.1188  -2.6038  -3.8556  -3.4656  -2.1526  -9.3782  -22.1067 
M -0.1242  -2.4336  -3.0589  -4.8701  0.2616   -1.5806  -3.5807  -3.1916  -2.4441  2.6476   3.2073   -2.9495  6.8535   2.1167   -3.2445  -1.7686  -0.6562  0.1857   0.2979   1.7473   -8.9877  -7.7315  -1.9999  -21.8143 
F -1.5808  -4.3090  -4.3182  -6.3042  -0.0120  -4.2348  -5.7785  -3.9708  -2.0373  2.1383   2.7650   -5.1781  2.1167   8.2241   -3.5853  -3.1064  -2.1023  3.7942   4.6284   1.2051   -10.3306 -10.1350 -2.4663  -22.1986 
P -0.6840  -0.8215  -0.6965  0.0551   -3.5717  -0.7899  -0.4047  -0.9946  -1.0710  -3.7554  -3.6428  -0.3703  -3.2445  -3.5853  12.4467  0.2032   -0.6189  -3.1376  -3.2079  -2.7177  -5.2779  -5.5529  -8.6853  -22.4625 
S 0.9477   -0.2082  1.6401   0.9305   -0.2455  0.5962   0.4252   0.8017   -0.5452  -3.3675  -3.4163  0.3498   -1.7686  -3.1064  0.2032   4.6271   2.1932   -3.2932  -2.1594  -2.3559  -3.7373  -4.5074  -8.3978  -22.0855 
T 0.1972   -0.3849  0.7468   -0.1578  -0.7490  0.3044   0.0150   -1.0903  -0.9719  -1.3501  -1.8728  0.0751   -0.6562  -2.1023  -0.6189  2.1932   4.9484   -2.8247  -1.6282  -0.2674  -4.7313  -4.8705  -6.6701  -22.0055 
W -2.3791  -2.2239  -4.2021  -5.4955  -1.7721  -3.4090  -4.9945  -3.7485  -0.8514  -0.8715  0.2374   -4.1188  0.1857   3.7942   -3.1376  -3.2932  -2.8247  18.3174  5.0051   -1.3131  -9.8769  -9.3325  -5.1635  -22.3330 
Y -2.0008  -1.8663  -1.9584  -3.8093  -0.8222  -1.9358  -3.1767  -3.8005  1.6528   -0.5269  -0.1207  -2.6038  0.2979   4.6284   -3.2079  -2.1594  -1.6282  5.0051   10.4073  -0.6099  -7.9063  -7.6658  -5.2721  -22.2121 
V 0.3557   -3.5094  -4.2423  -5.4027  0.8748   -3.2414  -4.1985  -3.7719  -3.4861  4.3435   2.4562   -3.8556  1.7473   1.2051   -2.7177  -2.3559  -0.2674  -1.3131  -0.6099  5.3020   -9.8504  -8.8090  -1.7687  -22.1602 
B -6.5974  -4.5184  -1.9151  -1.1279  -8.8454  -3.3742  -2.0269  -4.9186  -4.3043  -10.7430 -10.5433 -3.4656  -8.9877  -10.3306 -5.2779  -3.7373  -4.7313  -9.8769  -7.9063  -9.8504  -1.3017  -7.5242  -15.6184 -27.1987 
Z -5.7241  -3.0539  -3.4482  -1.8318  -9.4564  -2.3998  -2.3110  -6.6822  -4.3297  -9.6836  -9.2159  -2.1526  -7.7315  -10.1350 -5.5529  -4.5074  -4.8705  -9.3325  -7.6658  -8.8090  -7.5242  -2.6716  -14.3898 -27.0825 
J -5.7606  -8.9010  -9.8574  -11.3243 -4.9837  -8.5912  -9.9534  -9.7393  -8.8591  -2.2185  -3.1212  -9.3782  -1.9999  -2.4663  -8.6853  -8.3978  -6.6701  -5.1635  -5.2721  -1.7687  -15.6184 -14.3898 -3.9249  -27.3903 
X -22.1822 -22.1931 -22.0713 -22.3052 -22.2355 -21.9268 -22.1823 -22.6741 -22.1941 -22.1910 -22.5132 -22.1067 -21.8143 -22.1986 -22.4625 -22.0855 -22.0055 -22.3330 -22.2121 -22.1602 -27.1987 -27.0825 -27.3903 -33.8387 