# Decimal PFASUM23 substitution matrix
# Rounded to 4 decimal digits
# Units = 1/5 Bits
# Entropy H = 0.158733 Bits
# Pfam seed version = 29.0
#
# For further information on the PFASUM substitution model, see 
#
#    PFASUM: A substitution matrix from Pfam structural alignments
#    Frank Keul, Martin Hess, Michael Goesele, Kay Hamacher
#    BMC Bioinformatics, 18(1), 2017
#    http://dx.doi.org/10.1186/s12859-017-1703-z
#
#    Project Website:
#    http://www.cbs.tu-darmstadt.de/PFASUM
#
  A        R        N        D        C        Q        E        G        H        I        L        K        M        F        P        S        T        W        Y        V        B        Z        J        X        
A 3.9556   -1.1031  -1.2038  -1.5244  0.8294   -0.4327  -0.7614  0.7410   -1.9147  -0.6344  -0.5837  -1.1482  0.0409   -1.3711  -0.6533  0.8890   0.3005   -2.0742  -1.6775  0.3092   -6.3734  -5.6282  -5.6030  -22.1298 
R -1.1031  7.5627   0.9654   0.5682   -3.1279  2.3281   1.7006   -1.6863  1.2247   -3.9452  -3.3319  4.0684   -2.2609  -4.0504  -0.5387  -0.1067  -0.3614  -2.1231  -1.6582  -3.2071  -4.2443  -3.0419  -8.5596  -22.1280 
N -1.2038  0.9654   6.7186   3.2688   -2.5703  1.6533   1.6995   0.5820   1.3612   -4.4782  -4.2491  1.8240   -2.8286  -3.9117  -0.4276  1.5066   0.7530   -3.7389  -1.7531  -3.8217  -2.4113  -3.3189  -9.3356  -22.0157 
D -1.5244  0.5682   3.2688   8.7395   -4.2877  1.6923   3.9871   -0.2081  0.0536   -5.9342  -5.6568  1.4806   -4.5196  -5.8255  0.2525   0.9497   -0.0854  -5.0666  -3.4356  -4.9288  -1.4757  -1.8448  -10.7613 -22.2372 
C 0.8294   -3.1279  -2.5703  -4.2877  17.2194  -3.6893  -4.3690  -1.3801  -1.4096  0.5389   0.3197   -4.0101  0.6086   0.4719   -2.6651  -0.0568  -0.5671  -1.1204  -0.4571  1.0492   -8.4376  -9.0895  -4.5959  -22.0706 
Q -0.4327  2.3281   1.6533   1.6923   -3.6893  5.8193   3.2653   -1.4443  1.2548   -3.6461  -3.0311  2.7550   -1.5559  -3.9305  -0.7417  0.6160   0.2935   -3.2200  -1.7962  -3.0612  -3.3258  -2.6157  -8.2594  -21.9084 
E -0.7614  1.7006   1.6995   3.9871   -4.3690  3.2653   6.6944   -1.5427  0.2039   -4.8169  -4.3413  2.9258   -3.3235  -5.4275  -0.2460  0.4973   0.0689   -4.7409  -2.9225  -3.9347  -1.9880  -2.6360  -9.5190  -22.1240 
G 0.7410   -1.6863  0.5820   -0.2081  -1.3801  -1.4443  -1.5427  9.7713   -1.8069  -4.3389  -4.1552  -1.4785  -2.6930  -3.5072  -0.7756  0.8992   -0.8026  -3.1981  -3.3842  -3.3306  -4.8297  -6.5032  -9.2247  -22.5724 
H -1.9147  1.2247   1.3612   0.0536   -1.4096  1.2548   0.2039   -1.8069  14.2679  -3.9498  -3.4229  0.3661   -2.4791  -2.0216  -0.6331  -0.4985  -0.9306  -0.8370  1.2881   -3.3359  -4.3085  -4.3575  -8.6193  -22.1760 
I -0.6344  -3.9452  -4.4782  -5.9342  0.5389   -3.6461  -4.8169  -4.3389  -3.9498  5.3922   3.4679   -4.0877  2.4299   2.1478   -3.3278  -3.0277  -1.1597  -0.6247  -0.2783  3.9828   -10.2201 -9.3258  -2.5561  -22.1511 
L -0.5837  -3.3319  -4.2491  -5.6568  0.3197   -3.0311  -4.3413  -4.1552  -3.4229  3.4679   4.9079   -3.9618  2.8740   2.6046   -3.2700  -3.0515  -1.6198  0.3778   0.0971   2.3766   -9.9676  -8.7887  -3.5215  -22.4482 
K -1.1482  4.0684   1.8240   1.4806   -4.0101  2.7550   2.9258   -1.4785  0.3661   -4.0877  -3.9618  6.4718   -2.8506  -4.7686  -0.1768  0.3661   0.0801   -3.7911  -2.3246  -3.5682  -3.3576  -2.1420  -9.0096  -22.0687 
M 0.0409   -2.2609  -2.8286  -4.5196  0.6086   -1.5559  -3.3235  -2.6930  -2.4791  2.4299   2.8740   -2.8506  5.7010   2.0378   -2.8490  -1.5936  -0.4846  0.5228   0.3642   1.7496   -8.6834  -7.5642  -2.2921  -21.7881 
F -1.3711  -4.0504  -3.9117  -5.8255  0.4719   -3.9305  -5.4275  -3.5072  -2.0216  2.1478   2.6046   -4.7686  2.0378   7.3137   -3.0741  -2.6990  -1.7830  3.4815   4.1592   1.2560   -9.8717  -9.7913  -2.5661  -22.1501 
P -0.6533  -0.5387  -0.4276  0.2525   -2.6651  -0.7417  -0.2460  -0.7756  -0.6331  -3.3278  -3.2700  -0.1768  -2.8490  -3.0741  11.6923  0.2691   -0.3967  -2.5087  -2.7146  -2.4520  -5.0560  -5.4401  -8.2920  -22.3577 
S 0.8890   -0.1067  1.5066   0.9497   -0.0568  0.6160   0.4973   0.8992   -0.4985  -3.0277  -3.0515  0.3661   -1.5936  -2.6990  0.2691   4.0718   1.9949   -2.9983  -1.8629  -2.0950  -3.7858  -4.4550  -8.0424  -22.0594 
T 0.3005   -0.3614  0.7530   -0.0854  -0.5671  0.2935   0.0689   -0.8026  -0.9306  -1.1597  -1.6198  0.0801   -0.4846  -1.7830  -0.3967  1.9949   4.1328   -2.4304  -1.3188  -0.2466  -4.6832  -4.8405  -6.4409  -21.9585 
W -2.0742  -2.1231  -3.7389  -5.0666  -1.1204  -3.2200  -4.7409  -3.1981  -0.8370  -0.6247  0.3778   -3.7911  0.5228   3.4815   -2.5087  -2.9983  -2.4304  17.2523  4.6489   -0.9743  -9.4184  -9.0940  -4.9882  -22.2355 
Y -1.6775  -1.6582  -1.7531  -3.4356  -0.4571  -1.7962  -2.9225  -3.3842  1.2881   -0.2783  0.0971   -2.3246  0.3642   4.1592   -2.7146  -1.8629  -1.3188  4.6489   9.2048   -0.3211  -7.6038  -7.4510  -5.0437  -22.1317 
V 0.3092   -3.2071  -3.8217  -4.9288  1.0492   -3.0612  -3.9347  -3.3306  -3.3359  3.9828   2.3766   -3.5682  1.7496   1.2560   -2.4520  -2.0950  -0.2466  -0.9743  -0.3211  4.7500   -9.3925  -8.5727  -1.9682  -22.1129 
B -6.3734  -4.2443  -2.4113  -1.4757  -8.4376  -3.3258  -1.9880  -4.8297  -4.3085  -10.2201 -9.9676  -3.3576  -8.6834  -9.8717  -5.0560  -3.7858  -4.6832  -9.4184  -7.6038  -9.3925  -2.0282  -7.4934  -15.0628 -27.1338 
Z -5.6282  -3.0419  -3.3189  -1.8448  -9.0895  -2.6157  -2.6360  -6.5032  -4.3575  -9.3258  -8.7887  -2.1420  -7.5642  -9.7913  -5.4401  -4.4550  -4.8405  -9.0940  -7.4510  -8.5727  -7.4934  -3.2791  -13.9888 -27.0377 
J -5.6030  -8.5596  -9.3356  -10.7613 -4.5959  -8.2594  -9.5190  -9.2247  -8.6193  -2.5561  -3.5215  -9.0096  -2.2921  -2.5661  -8.2920  -8.0424  -6.4409  -4.9882  -5.0437  -1.9682  -15.0628 -13.9888 -4.5596  -27.3343 
X -22.1298 -22.1280 -22.0157 -22.2372 -22.0706 -21.9084 -22.1240 -22.5724 -22.1760 -22.1511 -22.4482 -22.0687 -21.7881 -22.1501 -22.3577 -22.0594 -21.9585 -22.2355 -22.1317 -22.1129 -27.1338 -27.0377 -27.3343 -33.7810 