# Decimal PFASUM81 substitution matrix
# Rounded to 4 decimal digits
# Units = 1/2 Bits
# Entropy H = 0.728831 Bits
# Pfam seed version = 29.0
#
# For further information on the PFASUM substitution model, see 
#
#    PFASUM: A substitution matrix from Pfam structural alignments
#    Frank Keul, Martin Hess, Michael Goesele, Kay Hamacher
#    BMC Bioinformatics, 18(1), 2017
#    http://dx.doi.org/10.1186/s12859-017-1703-z
#
#    Project Website:
#    http://www.cbs.tu-darmstadt.de/PFASUM
#
  A        R        N        D        C        Q        E        G        H        I        L        K        M        F        P        S        T        W        Y        V        B        Z        J        X        
A 3.7496   -1.4064  -1.3192  -1.4407  0.1289   -0.7322  -0.7156  -0.1485  -1.7053  -1.3758  -1.4979  -1.0565  -0.9480  -2.1361  -0.7929  0.6967   -0.1282  -2.6435  -2.3158  -0.2019  -3.3897  -2.7217  -3.4513  -9.1395  
R -1.4064  5.3336   -0.4092  -1.2650  -2.9006  0.8960   -0.2820  -2.2053  0.2433   -3.1958  -2.7303  2.2041   -1.9844  -3.5388  -1.7718  -0.8477  -0.9618  -2.1484  -1.9706  -2.7816  -2.8789  -1.7933  -4.8969  -9.2062  
N -1.3192  -0.4092  5.7184   1.4911   -2.2244  0.2835   -0.0531  -0.3400  0.8351   -3.6207  -3.5282  0.2517   -2.3846  -3.4055  -1.5097  0.6821   -0.0245  -3.4268  -1.8453  -3.1540  0.6273   -1.9253  -5.5627  -9.0731  
D -1.4407  -1.2650  1.4911   5.5315   -3.8493  0.0616   1.8566   -0.9698  -0.5625  -4.8285  -4.5075  -0.4318  -3.6417  -4.7440  -1.0936  -0.1007  -0.8944  -4.3061  -3.2189  -4.0137  0.8507   -0.6795  -6.6243  -9.2271  
C 0.1289   -2.9006  -2.2244  -3.8493  9.7754   -3.0310  -4.0172  -2.1653  -1.9843  -1.1857  -1.3333  -3.5299  -1.0375  -1.2556  -3.4884  -0.3241  -0.7421  -2.0498  -1.4058  -0.2765  -5.0624  -5.6160  -3.2769  -9.3198  
Q -0.7322  0.8960   0.2835   0.0616   -3.0310  5.2129   1.4119   -1.7907  0.8070   -2.9067  -2.2713  1.1888   -0.9553  -3.2800  -1.2505  -0.2389  -0.4386  -2.8129  -1.9589  -2.3982  -1.8443  0.2070   -4.4945  -8.9838  
E -0.7156  -0.2820  -0.0531  1.8566   -4.0172  1.4119   4.7369   -1.7901  -0.6880  -3.7052  -3.5158  0.6319   -2.6209  -4.3662  -1.0821  -0.4610  -0.7112  -3.8466  -2.8893  -2.8612  -0.7898  0.3191   -5.5857  -9.1582  
G -0.1485  -2.2053  -0.3400  -0.9698  -2.1653  -1.7907  -1.7901  5.8277   -1.9776  -4.3813  -4.0956  -1.7702  -3.2776  -3.8269  -1.9447  -0.2081  -1.7367  -3.6469  -3.7264  -3.5103  -2.6918  -3.7903  -6.1999  -9.5128  
H -1.7053  0.2433   0.8351   -0.5625  -1.9843  0.8070   -0.6880  -1.9776  7.6161   -3.0991  -2.5575  -0.2390  -1.9646  -1.1013  -1.7370  -0.6983  -1.1034  -1.1199  1.2579   -2.7143  -1.8994  -2.0476  -4.7497  -9.1222  
I -1.3758  -3.1958  -3.6207  -4.8285  -1.1857  -2.9067  -3.7052  -4.3813  -3.0991  4.4240   1.6512   -3.1747  1.2167   0.0866   -3.2640  -2.9036  -1.1627  -1.8178  -1.5649  2.5444   -6.2653  -5.3867  -0.0330  -9.0968  
L -1.4979  -2.7303  -3.5282  -4.5075  -1.3333  -2.2713  -3.5158  -4.0956  -2.5575  1.6512   3.9668   -2.9567  1.8278   0.8788   -3.1087  -2.8820  -1.7637  -0.9939  -1.0620  0.7539   -6.0606  -4.9960  -0.1480  -9.3067  
K -1.0565  2.2041   0.2517   -0.4318  -3.5299  1.1888   0.6319   -1.7702  -0.2390  -3.1747  -2.9567  4.8320   -1.9601  -3.9596  -1.1489  -0.4326  -0.5050  -3.2556  -2.4904  -2.6799  -2.1286  -1.1516  -5.0369  -9.0852  
M -0.9480  -1.9844  -2.3846  -3.6417  -1.0375  -0.9553  -2.6209  -3.2776  -1.9646  1.2167   1.8278   -1.9601  6.4166   0.4980   -3.0902  -1.8120  -0.7933  -1.0550  -0.9352  0.4036   -5.0529  -3.8952  -0.3874  -8.9626  
F -2.1361  -3.5388  -3.4055  -4.7440  -1.2556  -3.2800  -4.3662  -3.8269  -1.1013  0.0866   0.8788   -3.9596  0.4980   6.1877   -3.5536  -2.8313  -2.2853  1.7250   2.9268   -0.4825  -6.1124  -5.9198  -1.3947  -9.2324  
P -0.7929  -1.7718  -1.5097  -1.0936  -3.4884  -1.2505  -1.0821  -1.9447  -1.7370  -3.2640  -3.1087  -1.1489  -3.0902  -3.5536  7.0169   -0.3784  -1.1503  -3.3837  -3.2707  -2.4460  -3.2589  -3.1426  -5.1662  -9.4344  
S 0.6967   -0.8477  0.6821   -0.1007  -0.3241  -0.2389  -0.4610  -0.2081  -0.6983  -2.9036  -2.8820  -0.4326  -1.8120  -2.8313  -0.3784  4.0985   1.4097   -2.9726  -2.2404  -2.0654  -1.7501  -2.3777  -4.8901  -9.0332  
T -0.1282  -0.9618  -0.0245  -0.8944  -0.7421  -0.4386  -0.7112  -1.7367  -1.1034  -1.1627  -1.7637  -0.5050  -0.7933  -2.2853  -1.1503  1.4097   4.6132   -2.8034  -2.0900  -0.3055  -2.5015  -2.6084  -3.5224  -9.0483  
W -2.6435  -2.1484  -3.4268  -4.3061  -2.0498  -2.8129  -3.8466  -3.6469  -1.1199  -1.8178  -0.9939  -3.2556  -1.0550  1.7250   -3.3837  -2.9726  -2.8034  10.1587  2.2025   -2.1285  -5.9086  -5.4240  -3.2773  -9.4051  
Y -2.3158  -1.9706  -1.8453  -3.2189  -1.4058  -1.9589  -2.8893  -3.7264  1.2579   -1.5649  -1.0620  -2.4904  -0.9352  2.9268   -3.2707  -2.2404  -2.0900  2.2025   7.0845   -1.6672  -4.5687  -4.5130  -3.2412  -9.2666  
V -0.2019  -2.7816  -3.1540  -4.0137  -0.2765  -2.3982  -2.8612  -3.5103  -2.7143  2.5444   0.7539   -2.6799  0.4036   -0.4825  -2.4460  -2.0654  -0.3055  -2.1285  -1.6672  4.1055   -5.6257  -4.6829  -0.4367  -9.1128  
B -3.3897  -2.8789  0.6273   0.8507   -5.0624  -1.8443  -0.7898  -2.6918  -1.8994  -6.2653  -6.0606  -2.1286  -5.0529  -6.1124  -3.2589  -1.7501  -2.5015  -5.9086  -4.5687  -5.6257  1.6783   -3.1327  -8.1360  -11.1626 
Z -2.7217  -1.7933  -1.9253  -0.6795  -5.6160  0.2070   0.3191   -3.7903  -2.0476  -5.3867  -4.9960  -1.1516  -3.8952  -5.9198  -3.1426  -2.3777  -2.6084  -5.4240  -4.5130  -4.6829  -3.1327  1.0634   -7.1370  -11.0935 
J -3.4513  -4.8969  -5.5627  -6.6243  -3.2769  -4.4945  -5.5857  -6.1999  -4.7497  -0.0330  -0.1480  -5.0369  -0.3874  -1.3947  -5.1662  -4.8901  -3.5224  -3.2773  -3.2412  -0.4367  -8.1360  -7.1370  0.2670   -11.2262 
X -9.1395  -9.2062  -9.0731  -9.2271  -9.3198  -8.9838  -9.1582  -9.5128  -9.1222  -9.0968  -9.3067  -9.0852  -8.9626  -9.2324  -9.4344  -9.0332  -9.0483  -9.4051  -9.2666  -9.1128  -11.1626 -11.0935 -11.2262 -13.8283 