# Decimal PFASUM91 substitution matrix
# Rounded to 4 decimal digits
# Units = 1/2 Bits
# Entropy H = 0.731459 Bits
# Pfam seed version = 29.0
#
# For further information on the PFASUM substitution model, see 
#
#    PFASUM: A substitution matrix from Pfam structural alignments
#    Frank Keul, Martin Hess, Michael Goesele, Kay Hamacher
#    BMC Bioinformatics, 18(1), 2017
#    http://dx.doi.org/10.1186/s12859-017-1703-z
#
#    Project Website:
#    http://www.cbs.tu-darmstadt.de/PFASUM
#
  A        R        N        D        C        Q        E        G        H        I        L        K        M        F        P        S        T        W        Y        V        B        Z        J        X        
A 3.7578   -1.4155  -1.3179  -1.4453  0.1198   -0.7369  -0.7222  -0.1447  -1.7085  -1.3757  -1.5028  -1.0627  -0.9500  -2.1408  -0.7921  0.6935   -0.1237  -2.6532  -2.3215  -0.2011  -3.3918  -2.7276  -3.4543  -9.1400  
R -1.4155  5.3426   -0.4175  -1.2785  -2.9032  0.8875   -0.2983  -2.2052  0.2379   -3.2030  -2.7377  2.2039   -1.9898  -3.5476  -1.7818  -0.8592  -0.9718  -2.1562  -1.9821  -2.7881  -2.8900  -1.8058  -4.9040  -9.2087  
N -1.3179  -0.4175  5.7264   1.4830   -2.2299  0.2752   -0.0618  -0.3421  0.8333   -3.6175  -3.5281  0.2425   -2.3854  -3.4079  -1.5125  0.6798   -0.0261  -3.4328  -1.8485  -3.1493  0.6289   -1.9338  -5.5614  -9.0742  
D -1.4453  -1.2785  1.4830   5.5386   -3.8590  0.0499   1.8618   -0.9713  -0.5706  -4.8275  -4.5073  -0.4447  -3.6451  -4.7475  -1.1059  -0.1122  -0.9034  -4.3121  -3.2212  -4.0106  0.8539   -0.6785  -6.6236  -9.2285  
C 0.1198   -2.9032  -2.2299  -3.8590  9.7745   -3.0338  -4.0284  -2.1640  -1.9831  -1.1884  -1.3392  -3.5419  -1.0445  -1.2603  -3.4844  -0.3269  -0.7458  -2.0480  -1.4019  -0.2813  -5.0699  -5.6233  -3.2815  -9.3218  
Q -0.7369  0.8875   0.2752   0.0499   -3.0338  5.2292   1.4011   -1.7935  0.8125   -2.9101  -2.2735  1.1782   -0.9611  -3.2884  -1.2472  -0.2481  -0.4452  -2.8258  -1.9676  -2.4016  -1.8546  0.2105   -4.4968  -8.9863  
E -0.7222  -0.2983  -0.0618  1.8618   -4.0284  1.4011   4.7475   -1.7888  -0.6977  -3.7106  -3.5209  0.6174   -2.6261  -4.3748  -1.0953  -0.4740  -0.7228  -3.8581  -2.8985  -2.8640  -0.7883  0.3238   -5.5908  -9.1607  
G -0.1447  -2.2052  -0.3421  -0.9713  -2.1640  -1.7935  -1.7888  5.8300   -1.9811  -4.3731  -4.0940  -1.7743  -3.2730  -3.8268  -1.9445  -0.2067  -1.7321  -3.6486  -3.7265  -3.4993  -2.6936  -3.7905  -6.1959  -9.5120  
H -1.7085  0.2379   0.8333   -0.5706  -1.9831  0.8125   -0.6977  -1.9811  7.6191   -3.1014  -2.5593  -0.2488  -1.9715  -1.1063  -1.7316  -0.7027  -1.1075  -1.1285  1.2594   -2.7176  -1.9041  -2.0496  -4.7515  -9.1233  
I -1.3757  -3.2030  -3.6175  -4.8275  -1.1884  -2.9101  -3.7106  -4.3731  -3.1014  4.4360   1.6500   -3.1819  1.2188   0.0845   -3.2689  -2.9062  -1.1625  -1.8246  -1.5701  2.5465   -6.2633  -5.3911  -0.0287  -9.0975  
L -1.5028  -2.7377  -3.5281  -4.5073  -1.3392  -2.2735  -3.5209  -4.0940  -2.5593  1.6500   3.9756   -2.9649  1.8266   0.8743   -3.1100  -2.8849  -1.7658  -1.0054  -1.0681  0.7519   -6.0604  -4.9996  -0.1426  -9.3083  
K -1.0627  2.2039   0.2425   -0.4447  -3.5419  1.1782   0.6174   -1.7743  -0.2488  -3.1819  -2.9649  4.8458   -1.9644  -3.9720  -1.1612  -0.4462  -0.5137  -3.2630  -2.5039  -2.6854  -2.1397  -1.1644  -5.0447  -9.0883  
M -0.9500  -1.9898  -2.3854  -3.6451  -1.0445  -0.9611  -2.6261  -3.2730  -1.9715  1.2188   1.8266   -1.9644  6.4249   0.4929   -3.0890  -1.8188  -0.7925  -1.0637  -0.9434  0.4065   -5.0550  -3.9005  -0.3873  -8.9640  
F -2.1408  -3.5476  -3.4079  -4.7475  -1.2603  -3.2884  -4.3748  -3.8268  -1.1063  0.0845   0.8743   -3.9720  0.4929   6.1971   -3.5650  -2.8382  -2.2906  1.7187   2.9271   -0.4859  -6.1153  -5.9282  -1.3981  -9.2345  
P -0.7921  -1.7818  -1.5125  -1.1059  -3.4844  -1.2472  -1.0953  -1.9445  -1.7316  -3.2689  -3.1100  -1.1612  -3.0890  -3.5650  7.0128   -0.3779  -1.1494  -3.3992  -3.2801  -2.4475  -3.2675  -3.1500  -5.1688  -9.4356  
S 0.6935   -0.8592  0.6798   -0.1122  -0.3269  -0.2481  -0.4740  -0.2067  -0.7027  -2.9062  -2.8849  -0.4462  -1.8188  -2.8382  -0.3779  4.1058   1.4043   -2.9838  -2.2502  -2.0665  -1.7571  -2.3892  -4.8929  -9.0358  
T -0.1237  -0.9718  -0.0261  -0.9034  -0.7458  -0.4452  -0.7228  -1.7321  -1.1075  -1.1625  -1.7658  -0.5137  -0.7925  -2.2906  -1.1494  1.4043   4.6204   -2.8089  -2.0978  -0.3063  -2.5069  -2.6180  -3.5238  -9.0494  
W -2.6532  -2.1562  -3.4328  -4.3121  -2.0480  -2.8258  -3.8581  -3.6486  -1.1285  -1.8246  -1.0054  -3.2630  -1.0637  1.7187   -3.3992  -2.9838  -2.8089  10.1680  2.1944   -2.1375  -5.9146  -5.4361  -3.2870  -9.4081  
Y -2.3215  -1.9821  -1.8485  -3.2212  -1.4019  -1.9676  -2.8985  -3.7265  1.2594   -1.5701  -1.0681  -2.5039  -0.9434  2.9271   -3.2801  -2.2502  -2.0978  2.1944   7.0942   -1.6734  -4.5714  -4.5219  -3.2468  -9.2685  
V -0.2011  -2.7881  -3.1493  -4.0106  -0.2813  -2.4016  -2.8640  -3.4993  -2.7176  2.5465   0.7519   -2.6854  0.4065   -0.4859  -2.4475  -2.0665  -0.3063  -2.1375  -1.6734  4.1148   -5.6219  -4.6860  -0.4372  -9.1136  
B -3.3918  -2.8900  0.6289   0.8539   -5.0699  -1.8546  -0.7883  -2.6936  -1.9041  -6.2633  -6.0604  -2.1397  -5.0550  -6.1153  -3.2675  -1.7571  -2.5069  -5.9146  -4.5714  -5.6219  1.6857   -3.1347  -8.1351  -11.1640 
Z -2.7276  -1.8058  -1.9338  -0.6785  -5.6233  0.2105   0.3238   -3.7905  -2.0496  -5.3911  -4.9996  -1.1644  -3.9005  -5.9282  -3.1500  -2.3892  -2.6180  -5.4361  -4.5219  -4.6860  -3.1347  1.0754   -7.1407  -11.0961 
J -3.4543  -4.9040  -5.5614  -6.6236  -3.2815  -4.4968  -5.5908  -6.1959  -4.7515  -0.0287  -0.1426  -5.0447  -0.3873  -1.3981  -5.1688  -4.8929  -3.5238  -3.2870  -3.2468  -0.4372  -8.1351  -7.1407  0.2775   -11.2275 
X -9.1400  -9.2087  -9.0742  -9.2285  -9.3218  -8.9863  -9.1607  -9.5120  -9.1233  -9.0975  -9.3083  -9.0883  -8.9640  -9.2345  -9.4356  -9.0358  -9.0494  -9.4081  -9.2685  -9.1136  -11.1640 -11.0961 -11.2275 -13.8298 