import numpy as np


class PFASUM95_standardized:

    @staticmethod
    def get_aas():
        return ['A', 'C', 'D', 'E', 'F', 'G', 'H', 'I', 'K', 'L', 'M', 'N', 'P', 'Q', 'R', 'S', 'T', 'V', 'W', 'Y', '-']

    @staticmethod
    def get_mat():
        return np.asarray([          [1.0159226663328884, 0.0, 0.0, 0.0, 0.0, 0.0, 0.0, 0.0, 0.0, 0.0, 0.0, 0.0, 0.0, 0.0, 0.0, 0.0, 0.0, 0.0, 0.0, 0.0, 0.0],
          [0.5297155312092721, 0.18710259935563317, 0.1559354207115116, 0.0006177605812595067, 0.8319715741648614, 0.0, 0.0, 0.0, 0.0, 0.0, 0.0, 0.0, 0.0, 0.0, 0.0, 0.0, 0.0, 0.0, 0.0, 0.0, 0.0],
          [0.39531621858973753, 0.27879281358413394, 0.46588645910407295, 0.7622652593462117, 0.0, 0.0, 0.0, 0.0, 0.0, 0.0, 0.0, 0.0, 0.0, 0.0, 0.0, 0.0, 0.0, 0.0, 0.0, 0.0, 0.0],
          [0.4488614033684479, 0.34967076272953845, 0.25365367353368906, 0.40281767938596974, 0.0, 0.24430138587199457, 0.6493471778388032, 0.0, 0.0, 0.0, 0.0, 0.0, 0.0, 0.0, 0.0, 0.0, 0.0, 0.0, 0.0, 0.0, 0.0],
          [0.3537412868856134, 0.11396524238068148, 0.08310126839005835, 0.0, 0.2956446678423221, 0.05680173423802985, 0.0, 0.0, 0.2822128343608542, 0.2900751639822993, 0.23868032925163396, 0.0, 0.15333017667991108, 0.7378247832918139, 0.0, 0.0, 0.0, 0.0, 0.0, 0.0, 0.0],
          [0.5115526352518228, 0.15138329666307898, 0.2782331434277141, 0.09804536576209003, 0.09450933628271031, 0.0, 0.0, 0.8069846335914055, 0.0, 0.0, 0.0, 0.0, 0.0, 0.0, 0.0, 0.0, 0.0, 0.0, 0.0, 0.0, 0.0],
          [0.4133862537492733, 0.4111288147446307, 0.3151001071304207, 0.09150607601207587, 0.10281438742398605, 0.15940529334108838, 0.0051183710917658805, 0.02925619907556511, 0.7400401061378374, 0.0, 0.0, 0.0, 0.0, 0.0, 0.0, 0.0, 0.0, 0.0, 0.0, 0.0, 0.0],
          [0.3711622656289792, 0.09219929879046299, 0.036170742581809426, 0.0, 0.30269525982049567, 0.06601678421819132, 0.0, 0.0, 0.13273252120755394, 0.8637052818306843, 0.0, 0.0, 0.0, 0.0, 0.0, 0.0, 0.0, 0.0, 0.0, 0.0, 0.0],
          [0.4157738635442926, 0.6135827054307266, 0.19069825622721082, 0.08868184150769502, 0.0, 0.15311553170538092, 0.11187193018293082, 0.021424475734945096, 0.0, 0.0, 0.0, 0.6336649741927116, 0.0, 0.0, 0.0, 0.0, 0.0, 0.0, 0.0, 0.0, 0.0],
          [0.3377188637559737, 0.15272561760061878, 0.0361027849983635, 0.0, 0.30106896091680263, 0.12490457983196916, 0.0, 0.0, 0.14806317351658302, 0.5090739605175052, 0.7007951519886385, 0.0, 0.0, 0.0, 0.0, 0.0, 0.0, 0.0, 0.0, 0.0, 0.0],
          [0.45098964062710334, 0.21339528736844007, 0.09936442817742426, 0.0, 0.22154196858165104, 0.18334716366196724, 0.006220512870922456, 0.0, 0.06821190328805629, 0.3930542094026502, 0.2572349512912943, 0.042063838023326965, 0.6783225906517459, 0.0, 0.0, 0.0, 0.0, 0.0, 0.0, 0.0, 0.0],
          [0.4104910772513556, 0.3567251061373567, 0.8581043864922487, 0.0, 0.0, 0.0, 0.0, 0.0, 0.0, 0.0, 0.0, 0.0, 0.0, 0.0, 0.0, 0.0, 0.0, 0.0, 0.0, 0.0, 0.0],
          [0.4681604581945422, 0.23579461328845713, 0.17239402048583455, 0.160116614651124, 0.04182009647948812, 0.07517117864141432, 0.05485333233510347, 0.06466672480350334, 0.05488506300589458, 0.11586470557710861, 0.06019890190254264, 0.07215857263970392, 0.0, 0.025240285886623918, 0.8101939368666954, 0.0, 0.0, 0.0, 0.0, 0.0, 0.0],
          [0.454383040849834, 0.4658628546834818, 0.23699518226561506, 0.15295962861742238, 0.014397423341142808, 0.7272111568041189, 0.0, 0.0, 0.0, 0.0, 0.0, 0.0, 0.0, 0.0, 0.0, 0.0, 0.0, 0.0, 0.0, 0.0, 0.0],
          [0.39332434793712184, 0.9366935578345584, 0.0, 0.0, 0.0, 0.0, 0.0, 0.0, 0.0, 0.0, 0.0, 0.0, 0.0, 0.0, 0.0, 0.0, 0.0, 0.0, 0.0, 0.0, 0.0],
          [0.6068091056921197, 0.22734378100745425, 0.30441788454004765, 0.10075540479603938, 0.12479019106280037, 0.051315493710565485, 0.003737936453348993, 0.0789376992229642, 0.017783651730039783, 0.0, 0.0, 0.02808862001306495, 0.09153031454746825, 0.04628020743329294, 0.12593603437261094, 0.6654239516347595, 0.0, 0.0, 0.0, 0.0, 0.0],
          [0.5105864447914481, 0.25649969365705166, 0.26649072780770183, 0.0695057399063209, 0.1608631094426295, 0.08509678197688077, 0.03684517067663466, 0.0, 0.030610869497810726, 0.15501962304924077, 0.0, 0.060175518776643934, 0.07395502652675424, 0.013766462647625977, 0.07592030840179652, 0.2959504024100384, 0.6833986996454237, 0.0, 0.0, 0.0, 0.0],
          [0.4997118741109471, 0.07965866978702106, 0.027533365219950114, 0.0, 0.281008824582536, 0.05543228539856972, 0.0, 0.0, 0.10511681077252977, 0.5851582829644781, 0.03525317890603443, 0.000722203801162918, 0.0, 0.005136635676271844, 0.032032583155542346, 0.0, 0.1259319550016696, 0.00268286447403624, 0.008533804491882813, 0.5547496958271835, 0.0],
          [0.3953340359714093, 0.2888526362637596, 0.11420419974015866, 0.03941422784978238, 0.18036554701785162, 0.059463020883724835, 0.012683438888159145, 0.06792951822214041, 0.1685426408921033, 0.22638765364395733, 0.15270940907929392, 0.0, 0.06198191454041337, 0.30274520284749723, 0.02574319020737208, 0.025332019576333818, 0.0, 0.7328854560193192, 0.0, 0.0, 0.0],
          [0.36270129435501647, 0.26660523917219153, 0.1839146439486164, 0.0022351942921439573, 0.22800548073720364, 0.07863348973842445, 0.014867413599078184, 0.0, 0.3540363867482189, 0.15290187588868492, 0.11050611187049353, 0.0, 0.07085638897739142, 0.4211643315612507, 0.0, 0.002151729645764126, 0.0, 0.1536212330949962, 0.6065628139469162, 0.0, 0.0],
          [0.0, 0.16846314011327645, 0.1431051373678105, 0.07530034372943349, 0.3288738739476467, 0.02898394114973397, 0.0, 0.10558930237262981, 0.14455229481045287, 0.0, 0.0, 0.0, 0.21140388566770202, 0.07912114501802518, 0.20928410274261214, 0.0, 0.001404817240607985, 0.2312258017674034, 0.0, 0.0, 0.7759525016349803]])


class PFASUM90_standardized:

    @staticmethod
    def get_aas():
        return ['A', 'C', 'D', 'E', 'F', 'G', 'H', 'I', 'K', 'L', 'M', 'N', 'P', 'Q', 'R', 'S', 'T', 'V', 'W', 'Y', '-']

    @staticmethod
    def get_mat():
        return np.asarray([          [1.0159923554056145, 0.0, 0.0, 0.0, 0.0, 0.0, 0.0, 0.0, 0.0, 0.0, 0.0, 0.0, 0.0, 0.0, 0.0, 0.0, 0.0, 0.0, 0.0, 0.0, 0.0],
          [0.529904528889241, 0.18705958358482935, 0.1559866899653154, 0.0005647094008850267, 0.8319364172527534, 0.0, 0.0, 0.0, 0.0, 0.0, 0.0, 0.0, 0.0, 0.0, 0.0, 0.0, 0.0, 0.0, 0.0, 0.0, 0.0],
          [0.39544778628705474, 0.2788886322907701, 0.46599016931446413, 0.7621914506504103, 0.0, 0.0, 0.0, 0.0, 0.0, 0.0, 0.0, 0.0, 0.0, 0.0, 0.0, 0.0, 0.0, 0.0, 0.0, 0.0, 0.0],
          [0.44900604511753217, 0.3498148869492847, 0.2536758650785058, 0.402773035793857, 0.0, 0.2443716221741635, 0.6492700437419189, 0.0, 0.0, 0.0, 0.0, 0.0, 0.0, 0.0, 0.0, 0.0, 0.0, 0.0, 0.0, 0.0, 0.0],
          [0.35384729997720055, 0.11398437736327857, 0.0831074798499744, 0.0, 0.2957203227283646, 0.05681636009020788, 0.0, 0.0, 0.28234327791757186, 0.29006252884315575, 0.2386613505400785, 0.0, 0.15341573394196234, 0.7377645416632215, 0.0, 0.0, 0.0, 0.0, 0.0, 0.0, 0.0],
          [0.5116398284028716, 0.1513670507680899, 0.2782938317861137, 0.09802842991320934, 0.09452357951025601, 0.0, 0.0, 0.8069993047763926, 0.0, 0.0, 0.0, 0.0, 0.0, 0.0, 0.0, 0.0, 0.0, 0.0, 0.0, 0.0, 0.0],
          [0.4135000506746708, 0.4111793797995213, 0.3151532189087837, 0.0915321975901226, 0.10285057698194269, 0.1592856770807981, 0.0051052390936701724, 0.02927539765350526, 0.7400383212344804, 0.0, 0.0, 0.0, 0.0, 0.0, 0.0, 0.0, 0.0, 0.0, 0.0, 0.0, 0.0],
          [0.37122458188807217, 0.09225465525023346, 0.03615131567652302, 0.0, 0.3027972516043221, 0.0659970476869562, 0.0, 0.0, 0.13279322158906354, 0.8637017182311004, 0.0, 0.0, 0.0, 0.0, 0.0, 0.0, 0.0, 0.0, 0.0, 0.0, 0.0],
          [0.4159303148429047, 0.6136879762330602, 0.19072971704804406, 0.08870973901120724, 0.0, 0.15316434835334, 0.11193111191290817, 0.02145943467712454, 0.0, 0.0, 0.0, 0.633536014081435, 0.0, 0.0, 0.0, 0.0, 0.0, 0.0, 0.0, 0.0, 0.0],
          [0.3378300953009387, 0.1527736857264543, 0.036061831301228336, 0.0, 0.30118224968108076, 0.12488411767595288, 0.0, 0.0, 0.1481087436422338, 0.5091620337519533, 0.7007057006595, 0.0, 0.0, 0.0, 0.0, 0.0, 0.0, 0.0, 0.0, 0.0, 0.0],
          [0.4511006731846164, 0.2134062071402009, 0.09931259462925507, 0.0, 0.22163972980523683, 0.18345228025127122, 0.006145704485218581, 0.0, 0.06827175812172175, 0.3930694039319636, 0.25724801845358336, 0.04209763855210445, 0.6782685626491306, 0.0, 0.0, 0.0, 0.0, 0.0, 0.0, 0.0, 0.0],
          [0.41059970358245285, 0.35682395792749355, 0.858093825120312, 0.0, 0.0, 0.0, 0.0, 0.0, 0.0, 0.0, 0.0, 0.0, 0.0, 0.0, 0.0, 0.0, 0.0, 0.0, 0.0, 0.0, 0.0],
          [0.46827790779717293, 0.23588898702722563, 0.17243631285560582, 0.16019017443979372, 0.04177418645674186, 0.0750329287172803, 0.05489365492187782, 0.06469220105158847, 0.05478445289365775, 0.11605099692269188, 0.06020209377481468, 0.07222293287463508, 0.0, 0.025420655488496816, 0.8101405818336802, 0.0, 0.0, 0.0, 0.0, 0.0, 0.0],
          [0.4545076669384917, 0.46598360057055116, 0.23701819538501884, 0.15301093003395155, 0.014404959377648515, 0.7271348282320033, 0.0, 0.0, 0.0, 0.0, 0.0, 0.0, 0.0, 0.0, 0.0, 0.0, 0.0, 0.0, 0.0, 0.0, 0.0],
          [0.39348846450077085, 0.9367002159428992, 0.0, 0.0, 0.0, 0.0, 0.0, 0.0, 0.0, 0.0, 0.0, 0.0, 0.0, 0.0, 0.0, 0.0, 0.0, 0.0, 0.0, 0.0, 0.0],
          [0.6069990000422119, 0.22739269076904492, 0.30443539069449604, 0.10078951472748884, 0.12476453002586965, 0.0513149059413026, 0.0037609076596351603, 0.07890033445213622, 0.017748538568329683, 0.0, 0.0, 0.028097217556177032, 0.09159383610114609, 0.04628483827510652, 0.12588425323677377, 0.6653270997726949, 0.0, 0.0, 0.0, 0.0, 0.0],
          [0.5106761532651296, 0.2566154376709052, 0.26654454257401283, 0.0695128819248346, 0.16090309946242326, 0.08509253123109808, 0.03688285779229425, 0.0, 0.030593533718830068, 0.15504246665951923, 0.0, 0.060157521798306385, 0.07397364755676375, 0.013821480735191264, 0.07588449099709726, 0.29615015515997206, 0.6832689150664641, 0.0, 0.0, 0.0, 0.0],
          [0.4997985826597655, 0.07969831822319158, 0.027492008309076377, 0.0, 0.28109709158442436, 0.0553955621195436, 0.0, 0.0, 0.10516298520448887, 0.5852745861543094, 0.0351479763953866, 0.000740511451231377, 0.0, 0.005105310238946699, 0.03203004715868021, 0.0, 0.12602074303549635, 0.0027336667916523665, 0.008568919645681083, 0.5545908844053512, 0.0],
          [0.3954443941338441, 0.28889265556916816, 0.11418124652395732, 0.03942900865282375, 0.1804385161349953, 0.059477981054502554, 0.012659909788042744, 0.06793998983529392, 0.16861082251752094, 0.226373907943935, 0.15270456668466775, 0.0, 0.06200427628853614, 0.30282779071936666, 0.02571967661511989, 0.025351999013807715, 0.0, 0.7328433354460995, 0.0, 0.0, 0.0],
          [0.3628186930609197, 0.2666648873381886, 0.18392721092588069, 0.0021693429034936925, 0.2279912811966869, 0.07866004294051884, 0.01489309444611658, 0.0, 0.35407370223123286, 0.15293036377791883, 0.11050443590497284, 0.0, 0.07091590288155299, 0.4212243581732667, 0.0, 0.0022091471964656977, 0.0, 0.15359386328641542, 0.6065047487774814, 0.0, 0.0],
          [0.0, 0.1685457968780066, 0.14314707247811756, 0.07533701338496943, 0.329021103454835, 0.028902316682445982, 0.0, 0.105689739066207, 0.14459717075510742, 0.0, 0.0, 0.0, 0.21148895704241708, 0.07910561387325321, 0.20948248262317148, 0.0, 0.0014271024797830854, 0.2312826024172661, 0.0, 0.0, 0.7757771313494735]])


class PFASUM85_standardized:

    @staticmethod
    def get_aas():
        return ['A', 'C', 'D', 'E', 'F', 'G', 'H', 'I', 'K', 'L', 'M', 'N', 'P', 'Q', 'R', 'S', 'T', 'V', 'W', 'Y', '-']

    @staticmethod
    def get_mat():
        return np.asarray([          [1.0161178771923312, 0.0, 0.0, 0.0, 0.0, 0.0, 0.0, 0.0, 0.0, 0.0, 0.0, 0.0, 0.0, 0.0, 0.0, 0.0, 0.0, 0.0, 0.0, 0.0, 0.0],
          [0.5302209251268701, 0.18693491968518813, 0.1561061830327226, 0.0005164004577486349, 0.8318937670515804, 0.0, 0.0, 0.0, 0.0, 0.0, 0.0, 0.0, 0.0, 0.0, 0.0, 0.0, 0.0, 0.0, 0.0, 0.0, 0.0],
          [0.39570636761925776, 0.27914389873730905, 0.46618009233434415, 0.7620149711680865, 0.0, 0.0, 0.0, 0.0, 0.0, 0.0, 0.0, 0.0, 0.0, 0.0, 0.0, 0.0, 0.0, 0.0, 0.0, 0.0, 0.0],
          [0.4493447702575926, 0.3501874771972421, 0.2536619143245867, 0.4025135451430505, 0.0, 0.24459694977514146, 0.6491113348690264, 0.0, 0.0, 0.0, 0.0, 0.0, 0.0, 0.0, 0.0, 0.0, 0.0, 0.0, 0.0, 0.0, 0.0],
          [0.35402601791812605, 0.11404268146921961, 0.08310004013097398, 0.0, 0.2957955681647995, 0.05699898620044529, 0.0, 0.0, 0.2825708731555908, 0.29001999794590916, 0.23866867822620108, 0.0, 0.1534728129327643, 0.73769233290091, 0.0, 0.0, 0.0, 0.0, 0.0, 0.0, 0.0],
          [0.5117341779480543, 0.15128583365538806, 0.2784536958397753, 0.09796951342976364, 0.09452147279725391, 0.0, 0.0, 0.807063382131155, 0.0, 0.0, 0.0, 0.0, 0.0, 0.0, 0.0, 0.0, 0.0, 0.0, 0.0, 0.0, 0.0],
          [0.4137100192510257, 0.4112679448103857, 0.3151792151168771, 0.09154510247424592, 0.10280800788336068, 0.15900482755108533, 0.005156838042238457, 0.029396068055065713, 0.7400925962328692, 0.0, 0.0, 0.0, 0.0, 0.0, 0.0, 0.0, 0.0, 0.0, 0.0, 0.0, 0.0],
          [0.37127785330483176, 0.0923499337300543, 0.036059400602317576, 0.0, 0.3029548016417078, 0.06600666315971791, 0.0, 0.0, 0.1329909241787734, 0.8636924041984995, 0.0, 0.0, 0.0, 0.0, 0.0, 0.0, 0.0, 0.0, 0.0, 0.0, 0.0],
          [0.416225688736545, 0.6138646680649175, 0.19078300518757244, 0.08876224504447826, 0.0, 0.1533441148602902, 0.11196729148910613, 0.021540703523564398, 0.0, 0.0, 0.0, 0.6332989366681382, 0.0, 0.0, 0.0, 0.0, 0.0, 0.0, 0.0, 0.0, 0.0],
          [0.33804951702354574, 0.152879354165381, 0.03598053671597678, 0.0, 0.3012963415484844, 0.12480657667468235, 0.0, 0.0, 0.14825522982131048, 0.509311217545302, 0.7005471432512181, 0.0, 0.0, 0.0, 0.0, 0.0, 0.0, 0.0, 0.0, 0.0, 0.0],
          [0.4512971707281123, 0.21343434343812967, 0.09931050662199412, 0.0, 0.22177528091860263, 0.18366797287032036, 0.00595105245856909, 0.0, 0.06857707505045559, 0.3930144314386163, 0.2572475384405202, 0.042070466395634776, 0.6781947673391532, 0.0, 0.0, 0.0, 0.0, 0.0, 0.0, 0.0, 0.0],
          [0.4107511668602888, 0.3570471894624255, 0.8580771082890766, 0.0, 0.0, 0.0, 0.0, 0.0, 0.0, 0.0, 0.0, 0.0, 0.0, 0.0, 0.0, 0.0, 0.0, 0.0, 0.0, 0.0, 0.0],
          [0.4684486916067395, 0.23608934237777462, 0.17246475916759824, 0.16038713428407156, 0.04162615838001474, 0.07474904032678314, 0.05505358593633447, 0.06477674134564891, 0.05460634292976546, 0.11648927492051696, 0.06021603983425331, 0.07234426432731912, 0.0, 0.025842966195672144, 0.8100290740869119, 0.0, 0.0, 0.0, 0.0, 0.0, 0.0],
          [0.45477321699042883, 0.46624890196489543, 0.237092516014759, 0.15311185271045918, 0.014330855814571164, 0.7269300852596067, 0.0, 0.0, 0.0, 0.0, 0.0, 0.0, 0.0, 0.0, 0.0, 0.0, 0.0, 0.0, 0.0, 0.0, 0.0],
          [0.393847212929793, 0.9366855999839454, 0.0, 0.0, 0.0, 0.0, 0.0, 0.0, 0.0, 0.0, 0.0, 0.0, 0.0, 0.0, 0.0, 0.0, 0.0, 0.0, 0.0, 0.0, 0.0],
          [0.6073954153361182, 0.2275187269516612, 0.3044817391451632, 0.10088503842249912, 0.12463328682675277, 0.051286396670995216, 0.0037852606869080746, 0.07881850037220493, 0.017684828173744338, 0.0, 0.0, 0.028159280003476176, 0.09173439765537425, 0.04637440604661682, 0.12578688787431402, 0.6650852929769697, 0.0, 0.0, 0.0, 0.0, 0.0],
          [0.5107308185177855, 0.2568985269107726, 0.26660646765813995, 0.06961355405055475, 0.16097361911714686, 0.08508821875395715, 0.03696710992119113, 0.0, 0.030617636949333584, 0.15513885268070857, 0.0, 0.06015758015333496, 0.07399061494371215, 0.013875370715395106, 0.07580791670824065, 0.2965578942844597, 0.6830550912646242, 0.0, 0.0, 0.0, 0.0],
          [0.4999391030402417, 0.07976220154018827, 0.027334574272613137, 0.0, 0.28125554181737344, 0.05534221086572017, 0.0, 0.0, 0.10535348809801134, 0.5854193822995148, 0.03496248418507208, 0.0006944353061471949, 0.0, 0.005073072477206943, 0.032043914105899525, 0.0, 0.1262413502890876, 0.002781034838191708, 0.008589189779168083, 0.5543317217977993, 0.0],
          [0.39570570485605744, 0.2889369619766073, 0.1141419341365058, 0.039372500349577094, 0.18035624213024087, 0.05964643541133964, 0.012542999092207827, 0.06796257936891707, 0.16880775143801363, 0.2264631705816325, 0.15273947692576686, 0.0, 0.06203987325628025, 0.3029603146938508, 0.025606690194830247, 0.0254216583398877, 0.0, 0.7327373408708298, 0.0, 0.0, 0.0],
          [0.3630468611502345, 0.2668228195870758, 0.1839276279168531, 0.0019932685718389346, 0.22780849306864534, 0.07872523922491059, 0.014874054891465777, 0.0, 0.35408741256432485, 0.15297543397063545, 0.11056272088671272, 0.0, 0.07094509710454588, 0.4213417379314285, 0.0, 0.002369183036734667, 0.0, 0.1536090494215761, 0.6064412345959581, 0.0, 0.0],
          [0.0, 0.16867855167966578, 0.14323427457790994, 0.07537526234738286, 0.3293099590730607, 0.028688201936167668, 0.0, 0.10586941160865804, 0.14479269656393715, 0.0, 0.0, 0.0, 0.21165935468183408, 0.0790816350161457, 0.2099354773178505, 0.0, 0.001594431828752538, 0.23150523569388218, 0.0, 0.0, 0.7753244478636584]])


class PFASUM75_standardized:

    @staticmethod
    def get_aas():
        return ['A', 'C', 'D', 'E', 'F', 'G', 'H', 'I', 'K', 'L', 'M', 'N', 'P', 'Q', 'R', 'S', 'T', 'V', 'W', 'Y', '-']

    @staticmethod
    def get_mat():
        return np.asarray([          [1.0317814892879509, 0.0, 0.0, 0.0, 0.0, 0.0, 0.0, 0.0, 0.0, 0.0, 0.0, 0.0, 0.0, 0.0, 0.0, 0.0, 0.0, 0.0, 0.0, 0.0, 0.0],
          [0.5564650859407761, 0.19730588807941943, 0.16166849283988607, 0.002870927138782536, 0.8305691376975318, 0.0, 0.0, 0.0, 0.0, 0.0, 0.0, 0.0, 0.0, 0.0, 0.0, 0.0, 0.0, 0.0, 0.0, 0.0, 0.0],
          [0.42720285960867116, 0.2998382496801979, 0.4732316085954967, 0.7538034405826691, 0.0, 0.0, 0.0, 0.0, 0.0, 0.0, 0.0, 0.0, 0.0, 0.0, 0.0, 0.0, 0.0, 0.0, 0.0, 0.0, 0.0],
          [0.47885545827978954, 0.36991043333678825, 0.25998060983505095, 0.3953667869952583, 0.0, 0.24908485485044662, 0.6421145732185416, 0.0, 0.0, 0.0, 0.0, 0.0, 0.0, 0.0, 0.0, 0.0, 0.0, 0.0, 0.0, 0.0, 0.0],
          [0.38807109522388156, 0.12640558960004905, 0.08792456046798965, 0.0, 0.30575566550366046, 0.05538302166090246, 0.0, 0.0, 0.2801782635541531, 0.29940717393117955, 0.23804337088588073, 0.0, 0.1534901800926779, 0.7335124084459572, 0.0, 0.0, 0.0, 0.0, 0.0, 0.0, 0.0],
          [0.540210359736799, 0.16676689412658113, 0.2861539240516267, 0.10032642391069242, 0.09795856846609802, 0.0, 0.0, 0.8019375185552894, 0.0, 0.0, 0.0, 0.0, 0.0, 0.0, 0.0, 0.0, 0.0, 0.0, 0.0, 0.0, 0.0],
          [0.4448585365581741, 0.4213742232989188, 0.31410840096700277, 0.09160684416898462, 0.10673695290875373, 0.15267495957505434, 0.00589928753456427, 0.030010162449348624, 0.739204947717495, 0.0, 0.0, 0.0, 0.0, 0.0, 0.0, 0.0, 0.0, 0.0, 0.0, 0.0, 0.0],
          [0.40531872058289886, 0.10344039651336956, 0.03694761950234279, 0.0, 0.3134655144323188, 0.05704043785456491, 0.0, 0.0, 0.13953369716415182, 0.8634791761492994, 0.0, 0.0, 0.0, 0.0, 0.0, 0.0, 0.0, 0.0, 0.0, 0.0, 0.0],
          [0.44667642722958517, 0.6241461587158681, 0.1966727917962206, 0.08882382995720445, 0.0, 0.15762857315267517, 0.11570032620328591, 0.02215142975488904, 0.0, 0.0, 0.0, 0.6242250917717374, 0.0, 0.0, 0.0, 0.0, 0.0, 0.0, 0.0, 0.0, 0.0],
          [0.3762861152418605, 0.16119411540181738, 0.03501262465555766, 0.0, 0.3103190351994409, 0.11231826082631248, 0.0, 0.0, 0.15324027190624387, 0.5225262129193899, 0.6902025032487339, 0.0, 0.0, 0.0, 0.0, 0.0, 0.0, 0.0, 0.0, 0.0, 0.0],
          [0.48265394595921973, 0.2209241551417178, 0.101555000413064, 0.0, 0.22922805959603326, 0.18101559398015105, 0.0029133135811818447, 0.0, 0.07576545868732044, 0.39603043043498737, 0.25566002895889006, 0.04094746184078298, 0.6739204492262801, 0.0, 0.0, 0.0, 0.0, 0.0, 0.0, 0.0, 0.0],
          [0.43883134347416247, 0.3721983711437844, 0.8564277355036075, 0.0, 0.0, 0.0, 0.0, 0.0, 0.0, 0.0, 0.0, 0.0, 0.0, 0.0, 0.0, 0.0, 0.0, 0.0, 0.0, 0.0, 0.0],
          [0.4973829357197664, 0.2523511153308904, 0.1817147069586716, 0.16374583436950327, 0.048126928301420166, 0.06952837313636687, 0.0564633491525417, 0.07012615487133486, 0.052674804984442346, 0.12453971041295112, 0.059269779417058716, 0.0739249269880625, 0.0, 0.030790367031500628, 0.8035874349137089, 0.0, 0.0, 0.0, 0.0, 0.0, 0.0],
          [0.4848793196972682, 0.4797209755321892, 0.24133988316578583, 0.15249560696729322, 0.016661725745133377, 0.7194132401798125, 0.0, 0.0, 0.0, 0.0, 0.0, 0.0, 0.0, 0.0, 0.0, 0.0, 0.0, 0.0, 0.0, 0.0, 0.0],
          [0.42964846231179044, 0.938069954998227, 0.0, 0.0, 0.0, 0.0, 0.0, 0.0, 0.0, 0.0, 0.0, 0.0, 0.0, 0.0, 0.0, 0.0, 0.0, 0.0, 0.0, 0.0, 0.0],
          [0.6332264062844843, 0.2384075091557172, 0.30696811122579853, 0.10313822954021325, 0.12040980674509925, 0.05189440925886061, 0.0068316275909942985, 0.07687935197981711, 0.01772377878611753, 0.0, 0.0, 0.029863049481905893, 0.09771441290719794, 0.049973620927738945, 0.12211851008283785, 0.6587636671769164, 0.0, 0.0, 0.0, 0.0, 0.0],
          [0.5375806852620384, 0.27117054443636424, 0.27002116585209873, 0.07276484051823988, 0.1601937145377713, 0.08505535746788473, 0.039097174770649355, 0.0, 0.032178233086699815, 0.15477448754251508, 0.0, 0.058460106737153926, 0.07375984367394728, 0.016636786470409247, 0.07305004992459453, 0.30141151125461474, 0.6770243830115826, 0.0, 0.0, 0.0, 0.0],
          [0.5300075466497772, 0.08923963795257833, 0.027653398859441965, 0.0, 0.28642850364768857, 0.04750457053420696, 0.0, 0.0, 0.11148094028964148, 0.5948259106621357, 0.03175085661398909, 0.0, 0.0, 0.004833798039820766, 0.030596973123347904, 0.0, 0.12622366739218618, 0.0033657930274801715, 0.00971219177530628, 0.542792434434899, 0.0],
          [0.42864550741357754, 0.2976521623933303, 0.1198486435818437, 0.03921017035951373, 0.18372997720294695, 0.05821623369745614, 0.012173978050976232, 0.06911815942393992, 0.16930560829004065, 0.23024282632233464, 0.15355600232457015, 0.0, 0.06352101348998404, 0.2998986297076754, 0.02497908675654148, 0.02631699345029887, 0.0, 0.7305365340081101, 0.0, 0.0, 0.0],
          [0.39666046481333855, 0.2805737808473597, 0.1877401919642477, 0.0012183302808122694, 0.2328338385470438, 0.07788402548848793, 0.013642543414231491, 0.0, 0.350516917358696, 0.160385984015107, 0.11055874159938517, 0.0, 0.07148731142436332, 0.4204970675820508, 0.0, 0.00366371536266543, 0.0, 0.15207768620934303, 0.6038668599273532, 0.0, 0.0],
          [0.0, 0.1862678690993669, 0.15048985849388485, 0.08391412345849132, 0.35645610479247924, 0.01858191158549393, 0.0, 0.11960706961807643, 0.15832616682874937, 0.0, 0.0, 0.0, 0.22594646316074765, 0.08297049613294707, 0.22664265488710253, 0.0, 0.004206237850776806, 0.24960544499308954, 0.002668174221733334, 0.0, 0.744539075742766]])


class PFASUM62_standardized:

    @staticmethod
    def get_aas():
        return ['A', 'C', 'D', 'E', 'F', 'G', 'H', 'I', 'K', 'L', 'M', 'N', 'P', 'Q', 'R', 'S', 'T', 'V', 'W', 'Y', '-']

    @staticmethod
    def get_mat():
        return np.asarray([          [0.9622293432889392, 0.0, 0.0, 0.0, 0.0, 0.0, 0.0, 0.0, 0.0, 0.0, 0.0, 0.0, 0.0, 0.0, 0.0, 0.0, 0.0, 0.0, 0.0, 0.0, 0.0],
          [0.45481301052696815, 0.15974363923671706, 0.14330377577484105, 0.0, 0.8203080019009343, 0.0, 0.0, 0.0, 0.0, 0.0, 0.0, 0.0, 0.0, 0.0, 0.0, 0.0, 0.0, 0.0, 0.0, 0.0, 0.0],
          [0.3260894033249838, 0.26951221569001593, 0.457996807229474, 0.732907293105264, 0.0, 0.0, 0.0, 0.0, 0.0, 0.0, 0.0, 0.0, 0.0, 0.0, 0.0, 0.0, 0.0, 0.0, 0.0, 0.0, 0.0],
          [0.3778709286536603, 0.3482137780287987, 0.24899988332165668, 0.37525835593614953, 0.0, 0.2545613628249888, 0.62778723792291, 0.0, 0.0, 0.0, 0.0, 0.0, 0.0, 0.0, 0.0, 0.0, 0.0, 0.0, 0.0, 0.0, 0.0],
          [0.28995913854429717, 0.06969115249647995, 0.051671654031794544, 0.0, 0.28292394613931315, 0.040203555052183856, 0.0, 0.0, 0.25944441619063646, 0.28249435196862793, 0.22518621409938672, 0.0, 0.15203660669208427, 0.7194212365578678, 0.0, 0.0, 0.0, 0.0, 0.0, 0.0, 0.0],
          [0.44551232656846124, 0.13933583037940295, 0.27082781376021453, 0.0891555636977283, 0.08765881093164442, 0.0, 0.0, 0.7864736372976073, 0.0, 0.0, 0.0, 0.0, 0.0, 0.0, 0.0, 0.0, 0.0, 0.0, 0.0, 0.0, 0.0],
          [0.3453145284809552, 0.3786332849392237, 0.2879758865134364, 0.08143367870847526, 0.10691196987247761, 0.13832165673205854, 0.0055729786110157295, 0.02440206415397135, 0.7365656094011503, 0.0, 0.0, 0.0, 0.0, 0.0, 0.0, 0.0, 0.0, 0.0, 0.0, 0.0, 0.0],
          [0.31075306852478496, 0.042289749483848456, 0.0, 0.0, 0.29059887203673107, 0.02558301319148153, 0.0, 0.0, 0.13484169822321876, 0.8346014992669811, 0.0, 0.0, 0.0, 0.0, 0.0, 0.0, 0.0, 0.0, 0.0, 0.0, 0.0],
          [0.3433190776668529, 0.5914942089450639, 0.19477048762706076, 0.0829669661556016, 0.0, 0.1643102350128108, 0.12139264771418345, 0.01853976553380489, 0.0, 0.0, 0.0, 0.6084768143262426, 0.0, 0.0, 0.0, 0.0, 0.0, 0.0, 0.0, 0.0, 0.0],
          [0.2863555346542549, 0.09422213796956341, 0.0, 0.0, 0.28549051915258217, 0.07504636563833986, 0.0, 0.0, 0.14830708058342515, 0.5125683801414295, 0.6648207752770529, 0.0, 0.0, 0.0, 0.0, 0.0, 0.0, 0.0, 0.0, 0.0, 0.0],
          [0.38798780468154614, 0.16950102190219332, 0.06975329658791134, 0.0, 0.2164551668392738, 0.16500113735502198, 0.0, 0.0, 0.0828763760453499, 0.38346191781201555, 0.25162429013131143, 0.038021381120626425, 0.6642824698577813, 0.0, 0.0, 0.0, 0.0, 0.0, 0.0, 0.0, 0.0],
          [0.33247764855846923, 0.3368824935393082, 0.8377673351486269, 0.0, 0.0, 0.0, 0.0, 0.0, 0.0, 0.0, 0.0, 0.0, 0.0, 0.0, 0.0, 0.0, 0.0, 0.0, 0.0, 0.0, 0.0],
          [0.4000470510043156, 0.22073031382294345, 0.16971645394467605, 0.15119297112848287, 0.04319728815072832, 0.05721346025446024, 0.052538551962726734, 0.06903311793939162, 0.04698688525515207, 0.11750208379517492, 0.05237494227247645, 0.0717594513335854, 0.0, 0.032715401742786705, 0.7905343792645197, 0.0, 0.0, 0.0, 0.0, 0.0, 0.0],
          [0.3856274016610939, 0.4516520205067542, 0.2323942563905272, 0.14298138254597084, 0.014085762095834798, 0.7060723006142211, 0.0, 0.0, 0.0, 0.0, 0.0, 0.0, 0.0, 0.0, 0.0, 0.0, 0.0, 0.0, 0.0, 0.0, 0.0],
          [0.33563054125792213, 0.9017967891166929, 0.0, 0.0, 0.0, 0.0, 0.0, 0.0, 0.0, 0.0, 0.0, 0.0, 0.0, 0.0, 0.0, 0.0, 0.0, 0.0, 0.0, 0.0, 0.0],
          [0.5409848470896668, 0.2159095611226241, 0.2987902659654171, 0.09822208355972535, 0.10735105156978984, 0.05270621273170177, 0.011974248497778766, 0.07224363291371944, 0.0171462766238923, 0.0, 0.0, 0.03049173213870517, 0.1016126726038218, 0.04871847754213417, 0.1115459316068927, 0.6501788707443924, 0.0, 0.0, 0.0, 0.0, 0.0],
          [0.4401107514942141, 0.2414608990890286, 0.2549998272139035, 0.06436813293311217, 0.14423202512499067, 0.08214864191212626, 0.03892092771988236, 0.0, 0.03066674645873106, 0.14294117657327196, 0.0, 0.054552286171205805, 0.07548991840040618, 0.021455728410793858, 0.06834782081254646, 0.3073915599959236, 0.6668845088906389, 0.0, 0.0, 0.0, 0.0],
          [0.43825514751740186, 0.04229074824188655, 0.0, 0.0, 0.2631989165904665, 0.021825507491993707, 0.0, 0.0, 0.11076364509783723, 0.5892493223809896, 0.025500493151947697, 0.0, 0.0, 0.0028015397445210867, 0.02762436653927446, 0.0, 0.12795052945212504, 0.0029698287744334578, 0.012110824630912136, 0.5195743504624524, 0.0],
          [0.33136901704347316, 0.24910005740549865, 0.09749562956350666, 0.021362795406927666, 0.16766265047614146, 0.04824971210667987, 0.005548898825886884, 0.05627736500098239, 0.1608806314907876, 0.216287698976387, 0.14709938714831752, 0.0, 0.0637593240858283, 0.289195041751175, 0.02249910670341362, 0.02705022850782232, 0.0, 0.7260599957511885, 0.0, 0.0, 0.0],
          [0.2984156400704818, 0.23232628481363185, 0.15901626032270277, 0.0, 0.2154508058740465, 0.06895299552515853, 0.0062969807493153005, 0.0, 0.3323627331579559, 0.15363747437267528, 0.10341090700343025, 2.8341215618767106e-05, 0.0697981732170379, 0.41519432910744564, 0.0, 0.005436827059436829, 0.0, 0.1465729209445705, 0.599539864250858, 0.0, 0.0],
          [0.0, 0.15647735833970197, 0.11916764421786467, 0.08145351520463318, 0.2954831314775169, 0.003784125047492563, 0.0, 0.11729441782386936, 0.13477867222031598, 0.0, 0.0, 0.0, 0.16778190758348724, 0.07855909515021348, 0.1803462291198396, 0.0, 0.0005319514109340822, 0.193503642372943, 0.009851697819365755, 0.0, 0.7708281538665053]])


class PFASUM90_raw:

    @staticmethod
    def get_aas():
        return ['A', 'R', 'N', 'D', 'C', 'Q', 'E', 'G', 'H', 'I', 'L', 'K', 'M', 'F', 'P', 'S', 'T', 'W', 'Y', 'V', '-']

    @staticmethod
    def get_mat():
        return np.asarray([          [3.7577, -1.4153, -1.3179, -1.4452, 0.12, -0.7369, -0.7221, -0.1448, -1.7086, -1.3758, -1.5028, -1.0627, -0.9499, -2.1408, -0.7921, 0.6936, -0.1238, -2.6532, -2.3214, -0.2012, -4.0],
          [-1.4153, 5.3424, -0.4173, -1.2783, -2.9032, 0.8878, -0.298, -2.2053, 0.238, -3.2028, -2.7375, 2.2039, -1.9896, -3.5475, -1.7816, -0.859, -0.9715, -2.1562, -1.9819, -2.7879, -4.0],
          [-1.3179, -0.4173, 5.7263, 1.4832, -2.2298, 0.2753, -0.0616, -0.3422, 0.8334, -3.6176, -3.5282, 0.2426, -2.3855, -3.4078, -1.5124, 0.6799, -0.026, -3.4328, -1.8485, -3.1494, -4.0],
          [-1.4452, -1.2783, 1.4832, 5.5385, -3.859, 0.0501, 1.8618, -0.9713, -0.5703, -4.8277, -4.5074, -0.4444, -3.6449, -4.7477, -1.1056, -0.1119, -0.9032, -4.3118, -3.2211, -4.0108, -4.0],
          [0.12, -2.9032, -2.2298, -3.859, 9.7744, -3.0337, -4.0283, -2.1641, -1.9829, -1.1884, -1.3392, -3.5417, -1.0444, -1.2604, -3.4842, -0.3267, -0.7458, -2.0479, -1.4023, -0.2813, -4.0],
          [-0.7369, 0.8878, 0.2753, 0.0501, -3.0337, 5.2289, 1.4013, -1.7935, 0.8123, -2.9101, -2.2735, 1.1784, -0.961, -3.2884, -1.2475, -0.2479, -0.445, -2.8255, -1.9674, -2.4016, -4.0],
          [-0.7221, -0.298, -0.0616, 1.8618, -4.0283, 1.4013, 4.7473, -1.7889, -0.6977, -3.7107, -3.5209, 0.6178, -2.626, -4.3747, -1.0951, -0.4737, -0.7226, -3.8578, -2.8983, -2.8641, -4.0],
          [-0.1448, -2.2053, -0.3422, -0.9713, -2.1641, -1.7935, -1.7889, 5.8301, -1.9812, -4.3734, -4.0942, -1.7743, -3.2732, -3.8269, -1.9445, -0.2068, -1.7323, -3.6486, -3.7266, -3.4998, -4.0],
          [-1.7086, 0.238, 0.8334, -0.5703, -1.9829, 0.8123, -0.6977, -1.9812, 7.619, -3.1014, -2.5593, -0.2487, -1.9714, -1.1061, -1.7317, -0.7026, -1.1074, -1.1282, 1.2594, -2.7176, -4.0],
          [-1.3758, -3.2028, -3.6176, -4.8277, -1.1884, -2.9101, -3.7107, -4.3734, -3.1014, 4.4358, 1.65, -3.1818, 1.2187, 0.0845, -3.2688, -2.9063, -1.1626, -1.8245, -1.5701, 2.5465, -4.0],
          [-1.5028, -2.7375, -3.5282, -4.5074, -1.3392, -2.2735, -3.5209, -4.0942, -2.5593, 1.65, 3.9755, -2.9648, 1.8266, 0.8743, -3.1101, -2.8849, -1.7659, -1.0053, -1.068, 0.7519, -4.0],
          [-1.0627, 2.2039, 0.2426, -0.4444, -3.5417, 1.1784, 0.6178, -1.7743, -0.2487, -3.1818, -2.9648, 4.8455, -1.9642, -3.9718, -1.1609, -0.4459, -0.5135, -3.2628, -2.5037, -2.6853, -4.0],
          [-0.9499, -1.9896, -2.3855, -3.6449, -1.0444, -0.961, -2.626, -3.2732, -1.9714, 1.2187, 1.8266, -1.9642, 6.4247, 0.4931, -3.0892, -1.8187, -0.7925, -1.0637, -0.9432, 0.4065, -4.0],
          [-2.1408, -3.5475, -3.4078, -4.7477, -1.2604, -3.2884, -4.3747, -3.8269, -1.1061, 0.0845, 0.8743, -3.9718, 0.4931, 6.1968, -3.5649, -2.8381, -2.2904, 1.7189, 2.9272, -0.4859, -4.0],
          [-0.7921, -1.7816, -1.5124, -1.1056, -3.4842, -1.2475, -1.0951, -1.9445, -1.7317, -3.2688, -3.1101, -1.1609, -3.0892, -3.5649, 7.013, -0.378, -1.1495, -3.3986, -3.28, -2.4475, -4.0],
          [0.6936, -0.859, 0.6799, -0.1119, -0.3267, -0.2479, -0.4737, -0.2068, -0.7026, -2.9063, -2.8849, -0.4459, -1.8187, -2.8381, -0.378, 4.1058, 1.4044, -2.9838, -2.2499, -2.0666, -4.0],
          [-0.1238, -0.9715, -0.026, -0.9032, -0.7458, -0.445, -0.7226, -1.7323, -1.1074, -1.1626, -1.7659, -0.5135, -0.7925, -2.2904, -1.1495, 1.4044, 4.6203, -2.8088, -2.0976, -0.3063, -4.0],
          [-2.6532, -2.1562, -3.4328, -4.3118, -2.0479, -2.8255, -3.8578, -3.6486, -1.1282, -1.8245, -1.0053, -3.2628, -1.0637, 1.7189, -3.3986, -2.9838, -2.8088, 10.1677, 2.1945, -2.1374, -4.0],
          [-2.3214, -1.9819, -1.8485, -3.2211, -1.4023, -1.9674, -2.8983, -3.7266, 1.2594, -1.5701, -1.068, -2.5037, -0.9432, 2.9272, -3.28, -2.2499, -2.0976, 2.1945, 7.0939, -1.6733, -4.0],
          [-0.2012, -2.7879, -3.1494, -4.0108, -0.2813, -2.4016, -2.8641, -3.4998, -2.7176, 2.5465, 0.7519, -2.6853, 0.4065, -0.4859, -2.4475, -2.0666, -0.3063, -2.1374, -1.6733, 4.1147, -4.0],
          [-4.0, -4.0, -4.0, -4.0, -4.0, -4.0, -4.0, -4.0, -4.0, -4.0, -4.0, -4.0, -4.0, -4.0, -4.0, -4.0, -4.0, -4.0, -4.0, -4.0, 1.0]])


